scaffold_number	intron_start	intron_end	orf_rep1_reads(u)	orf_rep1_reads(m)	orf_rep2_reads(u)	orf_rep2_reads(m)
DS571145	9962	10052	37	0	21	0
DS571145	13994	14048	5	0	5	0
DS571145	23459	23515	28	0	28	0
DS571145	23807	23863	2	0	3	0
DS571145	30560	30707	1	0	2	0
DS571145	34069	34112	44	0	20	0
DS571145	34583	34633	27	0	49	0
DS571145	49242	49288	18	0	11	0
DS571145	68835	68886	89	0	24	0
DS571145	69498	69562	2	0	2	0
DS571145	71619	71680	3	0	2	0
DS571145	71896	71953	5	0	1	0
DS571145	73101	73163	44	0	72	0
DS571145	76637	76684	9	0	14	0
DS571145	87005	87055	36	0	41	0
DS571145	96057	96106	1	0	1	0
DS571145	96497	96550	7	0	6	0
DS571145	97375	97868	1	0	1	0
DS571145	98902	98952	51	0	63	0
DS571145	107720	107770	520	0	648	0
DS571145	119994	120041	34	0	72	0
DS571145	121813	121863	44	0	2	0
DS571145	123248	123303	68	0	89	0
DS571145	123248	123325	3	0	1	0
DS571145	128135	128186	27	0	9	0
DS571145	128410	128457	26	0	6	0
DS571145	130123	130182	7	0	1	0
DS571145	136138	136198	3	0	5	0
DS571145	136562	136613	6	0	3	0
DS571145	136903	137340	12	0	8	0
DS571145	147298	147361	4	0	2	0
DS571145	154993	155043	12	0	16	0
DS571145	155698	155763	6	0	1	0
DS571145	179706	179755	4	0	7	0
DS571145	199365	199422	4	0	1	0
DS571145	212469	212519	11	0	15	0
DS571145	220421	220471	26	0	50	0
DS571145	224178	224225	22	0	24	0
DS571145	227484	227544	19	0	25	0
DS571145	231517	231622	12	0	18	0
DS571145	251195	251251	13	0	2	0
DS571145	251201	251251	7	0	5	0
DS571145	251635	251695	41	0	9	0
DS571145	252297	252364	53	0	45	0
DS571145	265439	265491	45	0	29	0
DS571145	279258	279307	2	0	1	0
DS571145	279258	279395	558	0	418	0
DS571145	280643	280714	1	0	5	0
DS571145	284674	284735	82	0	58	0
DS571145	293698	293748	5	0	9	0
DS571145	298372	298419	8	0	5	0
DS571145	299313	299367	59	0	46	0
DS571145	312213	312271	10	0	4	0
DS571145	313305	313347	1	0	2	0
DS571145	313305	313358	200	0	97	0
DS571145	313907	313954	100	0	160	0
DS571145	313907	313975	1	0	1	0
DS571145	316968	317019	65	0	52	0
DS571145	321329	321404	113	0	94	0
DS571145	323896	323948	55	0	45	0
DS571145	324658	324701	54	0	4	0
DS571145	328049	328099	220	0	205	0
DS571145	328422	328475	29	0	20	0
DS571145	328788	328842	30	0	25	0
DS571145	332476	332578	7	0	7	0
DS571145	333174	333217	3	0	1	0
DS571145	333368	333427	4	0	2	0
DS571145	333732	333778	3	0	3	0
DS571145	333951	333997	3	0	7	0
DS571145	335521	335574	11	0	4	0
DS571145	342264	342316	4	0	3	0
DS571145	342520	342610	6	0	4	0
DS571145	342700	342761	9	0	5	0
DS571145	346729	346791	6	0	4	0
DS571145	348095	348156	49	0	82	0
DS571145	348286	348345	58	0	43	0
DS571145	359932	359978	58	0	72	0
DS571145	363786	363837	36	0	50	0
DS571145	369691	369741	17	0	12	0
DS571145	382950	383032	273	0	191	0
DS571145	383245	383317	1	0	2	0
DS571145	389184	389249	25	0	4	0
DS571145	389512	389600	1	0	1	0
DS571145	396427	396489	4	0	6	0
DS571145	404666	404712	530	0	225	0
DS571145	404808	404865	559	0	257	0
DS571145	409904	409963	4	0	1	0
DS571145	410653	410709	9	0	6	0
DS571145	415287	415341	41	0	35	0
DS571145	417120	417174	13	0	1	0
DS571145	417321	417374	16	0	8	0
DS571145	417792	417848	10	0	7	0
DS571145	418504	418555	70	0	61	0
DS571145	420868	420912	84	0	17	0
DS571145	425736	425782	7	0	3	0
DS571145	425914	425960	10	0	8	0
DS571145	437057	437122	10	0	8	0
DS571145	437990	438037	45	0	31	0
DS571145	452425	452475	530	0	582	0
DS571145	462097	462145	8	0	22	0
DS571145	462212	462292	1	0	4	0
DS571145	465766	465927	100	0	35	0
DS571145	480589	480637	8	0	22	0
DS571145	484211	484364	23	0	10	0
DS571145	484211	484407	4	0	3	0
DS571145	484315	484364	14	0	11	0
DS571145	487056	487103	59	0	58	0
DS571145	488190	488251	3	0	6	0
DS571145	490123	490185	182	0	222	0
DS571145	490137	490185	4	0	3	0
DS571145	495285	495334	2	0	4	0
DS571145	496222	496274	38	0	29	0
DS571145	496569	496619	21	0	24	0
DS571145	517035	517092	42	0	13	0
DS571146	6449	6505	1	0	3	0
DS571146	7083	7129	37	0	41	0
DS571146	7261	7303	57	0	62	0
DS571146	7489	7540	2	0	6	0
DS571146	12768	12817	107	0	56	0
DS571146	17356	17404	2	0	1	0
DS571146	17360	17404	38	0	24	0
DS571146	28771	28828	212	0	110	0
DS571146	29234	29283	196	0	85	0
DS571146	29447	29501	156	0	49	0
DS571146	34794	34856	41	0	23	0
DS571146	36655	36803	107	0	73	0
DS571146	36883	36964	3	0	1	0
DS571146	36888	36964	146	0	85	0
DS571146	38491	38553	35	0	49	0
DS571146	45236	45285	3	0	5	0
DS571146	46385	46447	24	0	33	0
DS571146	51081	51170	8	0	2	0
DS571146	51910	52095	4	0	1	0
DS571146	52904	52989	1	0	2	0
DS571146	54579	54635	1	0	4	0
DS571146	59147	59206	56	0	28	0
DS571146	63029	63072	125	0	140	0
DS571146	64639	64683	11	0	1	0
DS571146	67039	67089	20	0	13	0
DS571146	67906	67958	11	0	1	0
DS571146	68438	68572	13	0	2	0
DS571146	69585	69649	60	0	34	0
DS571146	71525	71592	2	0	1	0
DS571146	73148	73199	9	0	4	0
DS571146	83521	83579	4	0	3	0
DS571146	85649	85721	470	0	235	0
DS571146	91843	91897	21	0	15	0
DS571146	92207	92262	24	0	6	0
DS571146	108722	108768	27	0	10	0
DS571146	116522	116594	43	0	24	0
DS571146	125008	125053	13	0	11	0
DS571146	125954	125998	1	0	5	0
DS571146	128098	128140	4	0	3	0
DS571146	139493	139551	27	0	17	0
DS571146	139609	139716	20	0	20	0
DS571146	139775	139959	9	0	23	0
DS571146	143243	143307	19	0	6	0
DS571146	143412	143474	12	0	6	0
DS571146	154811	154878	8	0	5	0
DS571146	154823	154878	5	0	3	0
DS571146	155168	155225	263	0	265	0
DS571146	170605	170693	3	0	5	0
DS571146	170620	170678	5	0	5	0
DS571146	180451	180502	124	0	32	0
DS571146	184294	184360	38	0	25	0
DS571146	185032	185119	20	0	7	0
DS571146	188686	188729	15	0	5	0
DS571146	189080	189138	24	0	7	0
DS571146	198853	198912	22	0	4	0
DS571146	198867	198912	1	0	1	0
DS571146	201723	201914	97	0	12	0
DS571146	202298	202397	25	0	28	0
DS571146	202997	203043	20	0	25	0
DS571146	203102	203155	17	0	22	0
DS571147	4035	4084	96	0	160	0
DS571147	4760	4805	150	0	68	0
DS571147	4880	4925	62	0	16	0
DS571147	7585	7635	27	0	19	0
DS571147	14371	14454	24	0	6	0
DS571147	17611	17669	31	0	21	0
DS571147	19842	19896	16	0	27	0
DS571147	21888	21936	70	0	55	0
DS571147	28891	28949	2	0	1	0
DS571147	28891	29012	2	0	1	0
DS571147	29946	29994	6	0	1	0
DS571147	30058	30126	8	0	1	0
DS571147	31425	31476	22	0	35	0
DS571147	31425	31504	2	0	3	0
DS571147	44336	44389	18	0	9	0
DS571147	49686	49757	73	0	85	0
DS571147	58796	58892	38	0	41	0
DS571147	63934	63986	37	0	46	0
DS571147	80458	80504	155	0	171	0
DS571147	80458	80638	1	0	1	0
DS571147	80590	80638	318	0	247	0
DS571147	86741	86837	5	0	5	0
DS571147	100822	100872	13	0	20	0
DS571147	109095	109138	21	0	26	0
DS571147	109307	109365	19	0	19	0
DS571147	109953	110001	40	0	82	0
DS571147	114033	114099	15	0	5	0
DS571147	114220	114278	8	0	9	0
DS571147	117625	117673	1	0	1	0
DS571147	120193	120386	120	0	108	0
DS571147	128913	129055	225	0	152	0
DS571147	129550	129594	44	0	44	0
DS571147	135510	135570	15	0	8	0
DS571147	135730	135782	6	0	7	0
DS571147	143134	143177	3	0	2	0
DS571147	154195	154242	38	0	32	0
DS571147	158993	159050	14	0	9	0
DS571147	164460	164502	14	0	10	0
DS571147	166700	166759	31	0	5	0
DS571147	166718	166759	8	0	3	0
DS571147	180276	180328	1	0	1	0
DS571147	180276	180332	27	0	23	0
DS571148	2702	2758	13	0	7	0
DS571148	26006	26054	43	0	26	0
DS571148	28304	28360	47	0	53	0
DS571148	31964	32021	86	0	18	0
DS571148	32123	32177	109	0	21	0
DS571148	36600	36657	8	0	1	0
DS571148	40883	40928	54	0	12	0
DS571148	41963	42012	58	0	44	0
DS571148	45064	45140	8	0	4	0
DS571148	55312	55360	44	0	35	0
DS571148	56835	56941	76	0	69	0
DS571148	60689	60735	9	0	6	0
DS571148	63903	63960	4	0	2	0
DS571148	67058	67146	31	0	26	0
DS571148	85903	85966	3	0	4	0
DS571148	105139	105209	68	0	87	0
DS571148	106438	106614	34	0	8	0
DS571148	106567	106614	1	0	2	0
DS571148	124585	124641	3	0	3	0
DS571148	124921	124998	5	0	2	0
DS571148	126127	126238	47	0	37	0
DS571148	127527	127571	62	0	58	0
DS571148	128019	128087	134	0	148	0
DS571148	128325	128368	4	0	14	0
DS571148	130200	130260	1	0	1	0
DS571148	132687	132766	2	0	3	0
DS571148	149949	150016	45	0	1	0
DS571148	171679	171722	331	0	189	0
DS571149	6752	6833	99	0	104	0
DS571149	28143	28233	57	0	22	0
DS571149	28308	28355	62	0	11	0
DS571149	33571	33626	3	0	6	0
DS571149	42856	42900	30	0	19	0
DS571149	43199	43245	32	0	42	0
DS571149	43199	43253	1	0	1	0
DS571149	43199	43341	60	0	57	0
DS571149	43294	43341	6	0	13	0
DS571149	66976	67023	105	0	132	0
DS571149	68336	68446	29	0	3	0
DS571149	72142	72190	122	0	173	0
DS571149	92453	92521	52	0	28	0
DS571149	93799	93865	1	0	8	0
DS571149	107974	108048	15	0	18	0
DS571149	109743	109800	63	0	60	0
DS571149	125962	126058	1	0	1	0
DS571149	125962	126256	2	0	1	0
DS571149	126211	126253	24	0	30	0
DS571149	126502	126553	53	0	34	0
DS571149	134899	134956	65	0	48	0
DS571149	139266	139320	31	0	42	0
DS571149	139708	139756	50	0	39	0
DS571149	141686	141778	1	0	1	0
DS571149	141711	141778	8	0	3	0
DS571149	141724	141778	2	0	5	0
DS571149	154860	154921	45	0	26	0
DS571149	155225	155277	50	0	22	0
DS571149	155578	155636	58	0	8	0
DS571149	155733	155790	59	0	10	0
DS571149	162147	162194	10	0	7	0
DS571149	162725	162778	7	0	9	0
DS571149	162849	162900	7	0	4	0
DS571149	168458	168511	106	0	136	0
DS571149	182680	182731	4	0	4	0
DS571150	6705	6753	3	0	2	0
DS571150	12861	12917	82	0	52	0
DS571150	13002	13066	62	0	54	0
DS571150	13212	13267	77	0	43	0
DS571150	20635	20681	32	0	23	0
DS571150	24545	24597	36	0	12	0
DS571150	31685	31760	48	0	83	0
DS571150	46550	46592	2	0	2	0
DS571150	50928	50976	36	0	25	0
DS571150	51785	51917	1	0	1	0
DS571150	53210	53259	32	0	30	0
DS571150	62669	62739	12	0	1	0
DS571150	65282	65330	3	0	8	0
DS571150	67500	67589	47	0	29	0
DS571150	68024	68078	43	0	37	0
DS571150	84207	84256	81	0	55	0
DS571150	84317	84365	388	0	220	0
DS571150	95849	95953	15	0	3	0
DS571150	96755	96832	15	0	14	0
DS571150	100381	100431	17	0	12	0
DS571150	104317	104363	14	0	5	0
DS571150	115056	115104	50	0	16	0
DS571150	119220	119271	14	0	3	0
DS571150	119470	119521	2	0	2	0
DS571150	128738	128823	444	0	419	0
DS571150	148287	148354	10	0	2	0
DS571150	150163	150217	188	0	126	0
DS571150	150594	150651	56	0	75	0
DS571150	151552	151615	2	0	2	0
DS571150	156779	156824	19	0	6	0
DS571150	158902	158962	32	0	27	0
DS571150	161548	161602	2	0	2	0
DS571151	5633	5716	20	0	27	0
DS571151	6218	6269	1	0	1	0
DS571151	6218	6328	6	0	6	0
DS571151	6218	6344	312	0	384	0
DS571151	6223	6355	1	0	1	0
DS571151	29795	29860	7	0	3	0
DS571151	29925	30004	5	0	4	0
DS571151	51628	51695	3	0	8	0
DS571151	51638	51695	549	0	486	0
DS571151	53261	53303	21	0	30	0
DS571151	53261	53311	1	0	1	0
DS571151	53261	53325	283	0	240	0
DS571151	53746	53811	78	0	126	0
DS571151	62185	62234	70	0	78	0
DS571151	72738	72785	11	0	6	0
DS571151	73256	73301	13	0	17	0
DS571151	73913	73964	194	0	259	0
DS571151	74076	74137	131	0	161	0
DS571151	89451	89542	3	0	1	0
DS571151	110814	111220	1	0	1	0
DS571151	110966	111220	1	0	1	0
DS571151	119288	119348	25	0	35	0
DS571151	141189	141572	2	0	3	0
DS571151	141595	141639	1	0	2	0
DS571151	141810	141881	3	0	1	0
DS571151	141927	142181	1	0	1	0
DS571151	142182	142301	3	0	1	0
DS571151	142193	142301	2	0	1	0
DS571151	142215	142235	4	0	2	0
DS571151	142293	142412	1	0	2	0
DS571151	142510	142533	1	0	2	0
DS571151	150514	150566	21	0	19	0
DS571151	152663	152759	35	0	1	0
DS571152	3954	4029	29	0	22	0
DS571152	4679	4753	72	0	26	0
DS571152	11235	11295	911	0	660	0
DS571152	11235	11306	17	0	8	0
DS571152	13133	13189	158	0	61	0
DS571152	14695	14741	56	0	65	0
DS571152	29116	29161	16	0	1	0
DS571152	31294	31350	115	0	142	0
DS571152	35396	35447	97	0	109	0
DS571152	35396	35451	1	0	2	0
DS571152	46989	47036	3	0	3	0
DS571152	53274	53340	28	0	33	0
DS571152	54733	54781	2	0	1	0
DS571152	57372	57434	48	0	10	0
DS571152	67021	67076	101	0	12	0
DS571152	72176	72227	55	0	3	0
DS571152	75090	75140	47	0	69	0
DS571152	82866	82922	103	0	171	0
DS571152	85240	85701	2	0	1	0
DS571152	127800	127873	49	0	15	0
DS571152	129381	129437	21	0	20	0
DS571152	130171	130239	3	0	2	0
DS571152	130900	130976	7	0	3	0
DS571152	134298	134347	9	0	6	0
DS571152	135346	135397	88	0	99	0
DS571152	148753	148799	200	0	142	0
DS571152	149196	149245	11	0	20	0
DS571152	152631	152740	90	0	45	0
DS571152	157518	157567	9	0	6	0
DS571153	31901	31957	33	0	28	0
DS571153	33620	33686	52	0	44	0
DS571153	40539	40607	3	0	1	0
DS571153	41019	41090	2	0	2	0
DS571153	41019	41162	1	0	2	0
DS571153	41145	41216	2	0	1	0
DS571153	45567	45644	1	0	1	0
DS571153	52293	52345	90	0	62	0
DS571153	73407	73462	63	0	12	0
DS571153	77935	77986	14	0	1	0
DS571153	87373	87422	123	0	147	0
DS571153	93924	93979	3	0	3	0
DS571153	94504	94562	1	0	3	0
DS571153	95457	95507	45	0	7	0
DS571153	108432	108496	21	0	2	0
DS571153	118777	118918	39	0	58	0
DS571153	125478	125527	41	0	33	0
DS571153	125478	125542	235	0	212	0
DS571153	130302	130355	14	0	2	0
DS571153	133712	133760	419	0	498	0
DS571154	379	425	1	0	6	0
DS571154	479	525	1	0	6	0
DS571154	18078	18145	1	0	1	0
DS571154	20827	20962	89	0	130	0
DS571154	36191	36242	1	0	2	0
DS571154	56222	56273	33	0	21	0
DS571154	56333	56385	42	0	34	0
DS571154	56844	56896	45	0	46	0
DS571154	57881	57934	110	0	169	0
DS571154	62054	62107	46	0	32	0
DS571154	79510	79556	265	0	321	0
DS571154	82141	82191	1	0	4	0
DS571154	83621	83679	90	0	31	0
DS571154	83710	83761	82	0	26	0
DS571154	84089	84269	13	0	1	0
DS571154	112674	112728	2	0	9	0
DS571154	120086	120136	1	0	3	0
DS571154	132380	132426	16	0	4	0
DS571154	151412	151476	3	0	5	0
DS571155	2818	2950	2	0	1	0
DS571155	22297	22371	512	0	332	0
DS571155	22297	22393	2	0	2	0
DS571155	22799	22854	249	0	319	0
DS571155	48241	48350	127	0	139	0
DS571155	54800	54908	92	0	159	0
DS571155	96980	97033	13	0	13	0
DS571155	107500	107552	29	0	54	0
DS571155	109032	109094	18	0	14	0
DS571155	109152	109278	16	0	12	0
DS571155	109503	109578	6	0	4	0
DS571155	109837	109888	8	0	9	0
DS571155	115365	115414	2	0	4	0
DS571155	116120	116167	200	0	89	0
DS571155	127533	127589	38	0	49	0
DS571155	127682	127738	47	0	27	0
DS571155	127931	127975	121	0	151	0
DS571155	128620	128668	6	0	19	0
DS571155	128620	128673	1	0	1	0
DS571155	131842	131891	36	0	67	0
DS571155	152407	152461	55	0	57	0
DS571155	153312	153363	2	0	1	0
DS571155	153499	153621	83	0	77	0
DS571156	10920	10980	24	0	19	0
DS571156	11587	11643	15	0	3	0
DS571156	11878	11933	21	0	5	0
DS571156	14969	15019	68	0	57	0
DS571156	20901	20944	1	0	4	0
DS571156	21354	21395	4	0	5	0
DS571156	22436	22481	201	0	231	0
DS571156	50528	50577	108	0	15	0
DS571156	51017	51067	130	0	96	0
DS571156	57366	57409	15	0	16	0
DS571156	58715	58771	39	0	48	0
DS571156	62489	62540	37	0	8	0
DS571156	63068	63133	25	0	16	0
DS571156	73026	73072	6	0	5	0
DS571156	89786	89836	104	0	128	0
DS571156	90642	90696	206	0	62	0
DS571156	94678	94769	102	0	68	0
DS571156	95138	95213	117	0	48	0
DS571156	95144	95213	4	0	2	0
DS571156	95897	96018	38	0	28	0
DS571156	99665	99717	25	0	45	0
DS571156	99819	99876	26	0	31	0
DS571156	101909	101967	73	0	89	0
DS571156	103842	103899	15	0	1	0
DS571156	109781	109861	2	0	2	0
DS571156	110368	110415	2	0	2	0
DS571156	116379	116453	11	0	11	0
DS571156	123622	123670	20	0	26	0
DS571156	124318	124372	5	0	5	0
DS571156	148162	148208	6	0	8	0
DS571156	148341	148384	1	0	3	0
DS571156	148341	148391	2	0	1	0
DS571157	24926	24988	100	0	107	0
DS571157	25826	25884	14	0	2	0
DS571157	42546	42603	114	0	108	0
DS571157	53779	53835	25	0	19	0
DS571157	71186	71260	30	0	50	0
DS571157	81153	81206	38	0	46	0
DS571157	82160	82215	21	0	40	0
DS571157	86976	87067	292	0	374	0
DS571157	93030	93091	12	0	5	0
DS571157	95615	95673	5	0	14	0
DS571157	116279	116324	1	0	2	0
DS571157	117078	117127	66	0	75	0
DS571157	117314	117360	28	0	41	0
DS571157	117436	117492	37	0	31	0
DS571157	120034	120096	1	0	1	0
DS571157	131017	131152	215	0	14	0
DS571157	132107	132173	19	0	7	0
DS571157	144787	144832	1	0	1	0
DS571158	23752	23804	51	0	26	0
DS571158	24682	24741	5	0	3	0
DS571158	34143	34194	6	0	1	0
DS571158	34538	34590	65	0	48	0
DS571158	34752	34795	136	0	118	0
DS571158	38251	38311	5	0	6	0
DS571158	38714	38759	40	0	30	0
DS571158	62253	62311	3	0	1	0
DS571158	81915	82047	50	0	13	0
DS571158	93220	93277	22	0	38	0
DS571158	93689	93741	6	0	10	0
DS571158	94744	94787	82	0	36	0
DS571158	103582	103650	70	0	19	0
DS571158	103902	104068	165	0	49	0
DS571158	124599	124678	355	0	129	0
DS571158	140425	140471	63	0	44	0
DS571158	141298	141344	38	0	57	0
DS571159	8007	8090	5	0	2	0
DS571159	12428	12504	360	0	357	0
DS571159	12455	12504	2	0	3	0
DS571159	19831	19878	5	0	7	0
DS571159	28142	28213	67	0	84	0
DS571159	28424	28467	129	0	120	0
DS571159	28616	28756	10	0	2	0
DS571159	28623	28756	122	0	84	0
DS571159	29716	29769	3	0	2	0
DS571159	29716	29786	57	0	51	0
DS571159	31767	31854	65	0	87	0
DS571159	45849	45895	1	0	4	0
DS571159	46228	46273	7	0	6	0
DS571159	53022	53077	25	0	3	0
DS571159	58754	58808	5	0	15	0
DS571159	65866	65912	39	0	60	0
DS571159	70183	70228	249	0	193	0
DS571159	72502	72550	89	0	168	0
DS571159	73264	73310	61	0	4	0
DS571159	78519	78650	2	0	1	0
DS571159	82834	82853	2	0	2	0
DS571159	100451	100503	19	0	28	0
DS571159	117321	117378	138	0	61	0
DS571159	118181	118297	196	0	267	0
DS571159	120156	120201	7	0	11	0
DS571159	129345	129395	28	0	20	0
DS571159	129707	129756	54	0	77	0
DS571160	18225	18281	35	0	26	0
DS571160	23240	23298	11	0	4	0
DS571160	26852	26950	59	0	47	0
DS571160	26852	26952	1	0	1	0
DS571160	27254	27306	35	0	23	0
DS571160	27663	27754	66	0	88	0
DS571160	33159	33206	39	0	15	0
DS571160	42813	42859	93	0	12	0
DS571160	45667	45709	12	0	12	0
DS571160	46515	46566	64	0	64	0
DS571160	47029	47077	37	0	23	0
DS571160	49362	49419	10	0	21	0
DS571160	51334	51390	28	0	5	0
DS571160	61041	61088	23	0	15	0
DS571160	61149	61203	31	0	14	0
DS571160	61710	61781	26	0	16	0
DS571160	61714	61781	2	0	1	0
DS571160	69454	69500	93	0	36	0
DS571160	70341	70387	7	0	3	0
DS571160	70441	70487	10	0	5	0
DS571160	82502	82562	10	0	11	0
DS571160	83726	83786	49	0	44	0
DS571160	88084	88145	1	0	1	0
DS571160	88196	88269	95	0	18	0
DS571160	107439	107484	18	0	20	0
DS571160	110295	110354	25	0	33	0
DS571160	125062	125108	14	0	4	0
DS571160	132972	133031	1145	0	475	0
DS571160	135356	135402	68	0	106	0
DS571160	136562	136607	59	0	73	0
DS571160	137658	137717	47	0	35	0
DS571160	138728	138775	1	0	1	0
DS571161	11132	11178	26	0	9	0
DS571161	16816	16882	79	0	62	0
DS571161	24201	24256	2	0	3	0
DS571161	34847	34905	2	0	2	0
DS571161	36710	36763	1	0	1	0
DS571161	38192	38290	6	0	1	0
DS571161	45235	45288	1	0	3	0
DS571161	45346	45430	34	0	46	0
DS571161	61868	61936	67	0	68	0
DS571161	63913	64013	26	0	3	0
DS571161	68462	68513	3	0	10	0
DS571161	73399	73450	15	0	5	0
DS571161	89566	89611	12	0	2	0
DS571161	91429	91540	370	0	274	0
DS571161	92773	92964	33	0	12	0
DS571161	92879	92964	9	0	4	0
DS571161	100108	100197	3	0	3	0
DS571161	100652	100708	21	0	28	0
DS571161	100798	100863	29	0	45	0
DS571161	108765	108826	38	0	68	0
DS571161	113810	113871	80	0	59	0
DS571161	113821	113871	3	0	2	0
DS571161	114397	114462	1	0	3	0
DS571161	114397	114508	2065	0	2266	0
DS571161	118583	118723	49	0	7	0
DS571161	118830	118897	35	0	7	0
DS571161	123520	123572	42	0	23	0
DS571162	5585	5639	15	0	6	0
DS571162	19999	20045	2	0	4	0
DS571162	25262	25313	47	0	33	0
DS571162	26881	26926	226	0	189	0
DS571162	27048	27097	380	0	315	0
DS571162	29442	29495	172	0	165	0
DS571162	30372	30423	18	0	17	0
DS571162	36641	36692	64	0	67	0
DS571162	36768	36821	96	0	82	0
DS571162	36960	37030	68	0	44	0
DS571162	38150	38200	41	0	50	0
DS571162	38668	38719	68	0	86	0
DS571162	41925	41970	15	0	13	0
DS571162	42252	42303	38	0	19	0
DS571162	42416	42469	51	0	14	0
DS571162	63479	63547	3	0	3	0
DS571162	63489	63547	87	0	96	0
DS571162	64686	64733	2	0	1	0
DS571162	64849	64898	19	0	6	0
DS571162	83650	83705	38	0	70	0
DS571162	87222	87307	149	0	19	0
DS571162	106145	106204	10	0	3	0
DS571162	107250	107300	533	0	402	0
DS571162	107408	107461	373	0	369	0
DS571162	107799	107870	25	0	11	0
DS571162	108637	108685	40	0	31	0
DS571162	111752	111813	33	0	1	0
DS571162	117752	117808	67	0	52	0
DS571162	119414	119470	35	0	16	0
DS571162	120130	120207	33	0	19	0
DS571162	122043	122111	2	0	3	0
DS571162	126946	126994	79	0	55	0
DS571163	7566	7644	23	0	11	0
DS571163	11084	11140	188	0	216	0
DS571163	16815	16908	142	0	33	0
DS571163	18498	18547	144	0	103	0
DS571163	30734	30783	9	0	5	0
DS571163	33775	33808	1	0	1	0
DS571163	42149	42194	202	0	76	0
DS571163	42149	42254	1	0	1	0
DS571163	55584	55639	10	0	2	0
DS571163	58164	58216	3	0	3	0
DS571163	59537	59589	32	0	26	0
DS571163	65073	65139	37	0	57	0
DS571163	67039	67111	23	0	18	0
DS571163	75386	75464	1	0	1	0
DS571163	97331	97449	4	0	1	0
DS571163	102390	102483	25	0	7	0
DS571163	107003	107097	2	0	1	0
DS571163	118937	119082	62	0	10	0
DS571164	9053	9115	3	0	3	0
DS571164	9065	9115	168	0	119	0
DS571164	15716	15782	6	0	2	0
DS571164	15734	15782	1	0	1	0
DS571164	16435	16492	6	0	5	0
DS571164	21616	21671	4	0	9	0
DS571164	21725	21784	4	0	7	0
DS571164	22269	22324	3	0	10	0
DS571164	26254	26324	11	0	17	0
DS571164	28014	28075	71	0	9	0
DS571164	41663	41713	16	0	1	0
DS571164	64358	64453	4	0	6	0
DS571164	64397	64453	2	0	1	0
DS571164	69192	69252	57	0	74	0
DS571164	69751	69798	253	0	305	0
DS571164	69751	69818	9	0	21	0
DS571164	72515	72571	15	0	27	0
DS571164	89057	89107	105	0	135	0
DS571164	89184	89255	123	0	146	0
DS571164	92777	92880	20	0	3	0
DS571164	103788	103902	7	0	3	0
DS571164	104732	104781	1	0	2	0
DS571164	104732	104845	103	0	64	0
DS571164	118804	118847	9	0	6	0
DS571164	119258	119312	136	0	166	0
DS571164	120577	120647	21	0	12	0
DS571164	125077	125132	77	0	16	0
DS571164	125381	125445	41	0	1	0
DS571164	127291	127348	42	0	34	0
DS571165	979	1215	24	0	27	0
DS571165	1166	1215	1	0	1	0
DS571165	1169	1215	118	0	104	0
DS571165	2388	2441	90	0	86	0
DS571165	2735	2896	3	0	3	0
DS571165	2852	2896	30	0	30	0
DS571165	2852	2917	1	0	2	0
DS571165	7966	8056	28	0	17	0
DS571165	15946	15999	1	0	1	0
DS571165	23119	23200	2	0	3	0
DS571165	29553	29638	79	0	100	0
DS571165	30025	30111	24	0	37	0
DS571165	31218	31267	22	0	43	0
DS571165	31218	31453	2	0	1	0
DS571165	31399	31453	67	0	83	0
DS571165	46562	46634	53	0	37	0
DS571165	47314	47372	32	0	43	0
DS571165	57365	57413	15	0	6	0
DS571165	58019	58067	5	0	13	0
DS571165	71114	71169	2	0	1	0
DS571165	77620	77669	38	0	22	0
DS571165	77760	77843	43	0	23	0
DS571165	79711	79791	33	0	53	0
DS571165	80253	80307	35	0	12	0
DS571165	81178	81225	1	0	9	0
DS571165	81291	81338	1	0	3	0
DS571165	102871	102919	167	0	158	0
DS571165	103329	103393	114	0	56	0
DS571165	104514	104562	20	0	3	0
DS571165	104867	104923	14	0	6	0
DS571165	107060	107112	135	0	100	0
DS571165	107850	107909	5	0	3	0
DS571165	108009	108056	10	0	4	0
DS571165	112423	112511	552	0	147	0
DS571165	113828	113886	320	0	540	0
DS571165	113828	113895	10	0	13	0
DS571165	119373	119427	39	0	25	0
DS571165	120071	120115	8	0	27	0
DS571165	121742	121797	2	0	4	0
DS571166	1621	1675	7	0	4	0
DS571166	3366	3422	7464	0	8417	0
DS571166	19668	19711	79	0	74	0
DS571166	31123	31174	3	0	1	0
DS571166	32586	32640	64	0	58	0
DS571166	39511	39561	20	0	35	0
DS571166	44897	44947	47	0	71	0
DS571166	52535	52607	48	0	40	0
DS571166	67716	67774	4	0	2	0
DS571166	68287	68328	10	0	13	0
DS571166	71692	71739	85	0	50	0
DS571166	71929	71984	86	0	59	0
DS571166	92936	93115	3	0	1	0
DS571166	93062	93105	8	0	8	0
DS571166	93062	93115	162	0	160	0
DS571166	95637	95692	25	0	3	0
DS571166	100160	100428	3	0	2	0
DS571166	100242	100428	71	0	33	0
DS571166	101914	101971	4	0	10	0
DS571166	101926	101971	3	0	1	0
DS571166	102760	102804	16	0	1	0
DS571166	103058	103110	18	0	9	0
DS571166	104703	104769	37	0	40	0
DS571166	113397	113467	17	0	22	0
DS571167	16579	16643	1	0	1	0
DS571167	19220	19274	1	0	2	0
DS571167	27679	27753	6	0	5	0
DS571167	27986	28035	3	0	2	0
DS571167	39722	39774	36	0	10	0
DS571167	41357	41414	33	0	26	0
DS571167	41752	41803	10	0	10	0
DS571167	42536	42685	7	0	7	0
DS571167	44665	44724	9	0	12	0
DS571167	46656	46709	35	0	7	0
DS571167	47661	47722	8	0	6	0
DS571167	48164	48219	2	0	2	0
DS571167	48294	48341	2	0	1	0
DS571167	54171	54230	2	0	2	0
DS571167	54966	55027	41	0	36	0
DS571167	56457	56503	133	0	149	0
DS571167	57325	57344	2	0	2	0
DS571167	60658	60713	122	0	151	0
DS571167	61422	61474	7	0	14	0
DS571167	70795	70837	36	0	36	0
DS571167	92706	92759	68	0	36	0
DS571167	93221	93278	32	0	44	0
DS571167	93534	93589	15	0	25	0
DS571167	93625	93691	3	0	14	0
DS571167	107016	107069	89	0	115	0
DS571167	109006	109065	3	0	2	0
DS571168	12100	12176	1	0	5	0
DS571168	21918	21964	41	0	55	0
DS571168	22289	22335	20	0	7	0
DS571168	47173	47277	156	0	42	0
DS571168	47329	47376	166	0	45	0
DS571168	64730	64775	12	0	3	0
DS571168	65854	65927	1	0	1	0
DS571168	65869	65922	23	0	38	0
DS571168	91611	91671	8	0	1	0
DS571168	92585	92639	1	0	3	0
DS571168	92585	92870	6	0	16	0
DS571168	92585	92879	1	0	2	0
DS571168	92585	92888	14	0	33	0
DS571168	92600	92667	3	0	1	0
DS571168	92600	92833	782	0	921	0
DS571168	93881	93936	55	0	9	0
DS571168	101750	101800	48	0	32	0
DS571169	13831	13884	76	0	84	0
DS571169	17194	17327	10	0	4	0
DS571169	50250	50327	1	0	1	0
DS571169	50283	50327	192	0	195	0
DS571169	64403	64446	28	0	7	0
DS571169	68312	68370	5	0	1	0
DS571169	68508	68709	2	0	2	0
DS571169	72521	72583	165	0	87	0
DS571169	73626	73817	1	0	2	0
DS571169	74183	74224	1	0	3	0
DS571169	77054	77114	49	0	13	0
DS571169	77200	77254	45	0	10	0
DS571169	77347	77392	50	0	6	0
DS571169	83558	83614	121	0	154	0
DS571169	83572	83614	4	0	10	0
DS571169	90869	90929	1	0	1	0
DS571169	94122	94178	3	0	1	0
DS571169	94551	94601	1	0	5	0
DS571169	106603	106675	2	0	1	0
DS571169	106607	106675	9	0	3	0
DS571170	16196	16291	4	0	1	0
DS571170	19916	19971	2	0	5	0
DS571170	22091	22144	14	0	19	0
DS571170	32037	32097	3	0	4	0
DS571170	44410	44456	44	0	20	0
DS571170	44676	44727	47	0	31	0
DS571170	46808	46857	28	0	20	0
DS571170	55708	55768	3	0	2	0
DS571170	56851	56908	261	0	369	0
DS571170	67613	67736	167	0	116	0
DS571170	71006	71064	63	0	4	0
DS571170	80013	80074	8	0	13	0
DS571170	80289	80334	20	0	14	0
DS571170	80504	80553	17	0	15	0
DS571170	85524	85567	209	0	162	0
DS571170	85865	85919	44	0	70	0
DS571170	87059	87115	23	0	30	0
DS571170	88412	88457	35	0	36	0
DS571170	92016	92107	55	0	35	0
DS571170	93142	93197	4	0	2	0
DS571170	93434	93482	3	0	4	0
DS571170	93758	93808	2	0	3	0
DS571170	97224	97250	1	0	1	0
DS571170	98413	98468	11	0	4	0
DS571170	101765	101823	75	0	11	0
DS571170	105137	105226	1	0	1	0
DS571171	4302	4348	23	0	2	0
DS571171	14326	14391	483	0	409	0
DS571171	48062	48118	1	0	1	0
DS571171	51410	51467	31	0	32	0
DS571171	53187	53235	8	0	3	0
DS571172	6067	6124	29	0	8	0
DS571172	6367	6494	1	0	1	0
DS571172	7833	7889	34	0	9	0
DS571172	9572	9595	1	0	1	0
DS571172	17123	17182	4	0	1	0
DS571172	19703	19829	4	0	2	0
DS571172	19768	19829	21	0	23	0
DS571172	19979	20025	30	0	28	0
DS571172	31961	32015	28	0	33	0
DS571172	46442	46498	103	0	40	0
DS571172	46659	46783	49	0	33	0
DS571172	52190	52233	28	0	10	0
DS571172	53398	53460	22	0	5	0
DS571172	53579	53634	22	0	6	0
DS571172	78194	78242	20	0	23	0
DS571172	78352	78404	6	0	18	0
DS571172	78782	78837	28	0	5	0
DS571172	79373	79455	36	0	63	0
DS571172	79791	79964	1	0	1	0
DS571172	79798	79964	70	0	29	0
DS571172	80526	80594	1	0	6	0
DS571172	105981	106002	8	0	6	0
DS571173	7899	7947	18	0	6	0
DS571173	9917	9979	54	0	43	0
DS571173	10024	10121	45	0	39	0
DS571173	13923	13997	133	0	188	0
DS571173	16045	16169	1	0	1	0
DS571173	16045	16194	1	0	3	0
DS571173	17354	17409	27	0	19	0
DS571173	20361	20657	46	0	51	0
DS571173	39867	39915	6	0	1	0
DS571173	40035	40095	4	0	5	0
DS571173	40552	40607	12	0	4	0
DS571173	41885	41934	14	0	6	0
DS571173	42167	42241	20	0	21	0
DS571173	44015	44156	2	0	1	0
DS571173	44389	44449	2	0	3	0
DS571173	44401	44449	1	0	1	0
DS571173	44591	44643	47	0	47	0
DS571173	46781	46843	5	0	1	0
DS571173	60576	60678	4	0	6	0
DS571173	61166	61339	1155	0	1080	0
DS571173	71163	71210	52	0	22	0
DS571173	83268	83317	16	0	5	0
DS571173	84087	84145	14	0	6	0
DS571173	85720	85769	56	0	36	0
DS571173	92539	92594	14	0	9	0
DS571173	98833	98888	20	0	6	0
DS571174	7995	8047	19	0	15	0
DS571174	9196	9239	25	0	31	0
DS571174	21249	21314	5	0	6	0
DS571174	23711	23766	29	0	35	0
DS571174	26296	26448	34	0	23	0
DS571174	26377	26448	6	0	2	0
DS571174	31941	31998	322	0	169	0
DS571174	32096	32149	284	0	183	0
DS571174	34048	34095	24	0	13	0
DS571174	35893	36009	9	0	13	0
DS571174	41064	41110	25	0	27	0
DS571174	41426	41486	13	0	13	0
DS571174	48334	48385	54	0	59	0
DS571174	48424	48501	2	0	1	0
DS571174	50947	50999	5	0	9	0
DS571174	51363	51403	2	0	2	0
DS571174	56648	56696	30	0	48	0
DS571174	56648	56699	1	0	6	0
DS571174	57045	57143	19	0	23	0
DS571174	60508	60568	1	0	1	0
DS571174	88002	88067	2	0	4	0
DS571174	93951	94061	27	0	10	0
DS571174	97030	97076	1	0	1	0
DS571175	5944	5999	14	0	1	0
DS571175	6563	6616	8	0	2	0
DS571175	6900	6943	8	0	3	0
DS571175	7081	7158	21	0	7	0
DS571175	7354	7397	21	0	4	0
DS571175	13295	13343	423	0	284	0
DS571175	27913	27990	335	0	281	0
DS571175	39353	39438	2	0	1	0
DS571175	41874	41929	59	0	27	0
DS571175	42062	42143	45	0	17	0
DS571175	42199	42259	4	0	2	0
DS571175	42209	42259	40	0	11	0
DS571175	43697	43753	56	0	40	0
DS571175	48352	48404	143	0	73	0
DS571175	48990	49098	1	0	1	0
DS571175	49646	49697	34	0	23	0
DS571175	50455	50504	256	0	201	0
DS571175	58606	58651	69	0	67	0
DS571175	58606	58676	1	0	1	0
DS571175	62155	62220	40	0	43	0
DS571175	62492	62554	8	0	11	0
DS571175	67405	67564	109	0	90	0
DS571175	70481	70539	2	0	2	0
DS571175	70771	70823	869	0	641	0
DS571175	72333	72376	68	0	33	0
DS571175	75211	75257	36	0	34	0
DS571175	75528	75574	23	0	37	0
DS571175	78071	78137	8	0	3	0
DS571175	84154	84197	47	0	38	0
DS571175	91386	91440	106	0	69	0
DS571175	91761	91811	117	0	82	0
DS571176	15895	15951	25	0	4	0
DS571176	36055	36127	1	0	1	0
DS571176	40434	40490	202	0	217	0
DS571176	40587	40633	2	0	1	0
DS571176	40587	40637	167	0	193	0
DS571176	40587	40639	1	0	1	0
DS571176	53338	53391	67	0	68	0
DS571176	53493	53543	126	0	152	0
DS571176	57262	57315	25	0	10	0
DS571176	57902	57958	102	0	29	0
DS571177	10498	10650	5	0	3	0
DS571177	19886	19940	11	0	3	0
DS571177	23970	24024	1	0	2	0
DS571177	36254	36302	2	0	1	0
DS571177	36488	36542	3	0	2	0
DS571177	64865	64938	209	0	45	0
DS571177	65063	65112	175	0	68	0
DS571177	67004	67056	30	0	35	0
DS571177	74883	74943	3	0	19	0
DS571177	81941	82025	6	0	10	0
DS571177	82084	82133	19	0	20	0
DS571177	85100	85157	29	0	51	0
DS571177	86267	86324	4	0	2	0
DS571177	86533	86580	35	0	4	0
DS571178	8736	8787	51	0	60	0
DS571178	9431	9484	60	0	32	0
DS571178	11507	11530	84	0	132	0
DS571178	11531	11563	9	0	11	0
DS571178	11612	12066	67	0	101	0
DS571178	11709	11737	1	0	1	0
DS571178	15692	15736	75	0	121	0
DS571178	27574	27630	66	0	99	0
DS571178	35854	35906	623	0	675	0
DS571178	39023	39071	41	0	33	0
DS571178	39194	39237	37	0	35	0
DS571178	41729	41815	77	0	90	0
DS571178	43963	44019	12	0	16	0
DS571178	56020	56064	43	0	61	0
DS571178	58853	58897	31	0	7	0
DS571178	59632	59710	38	0	35	0
DS571178	63312	63357	23	0	2	0
DS571178	66988	67037	109	0	115	0
DS571178	67924	68086	1	0	1	0
DS571178	67961	68086	40	0	21	0
DS571178	74264	74317	288	0	367	0
DS571178	74264	74357	6	0	1	0
DS571178	74269	74321	1	0	8	0
DS571178	88354	88555	720	0	327	0
DS571178	88453	88555	1	0	1	0
DS571178	88507	88555	1	0	1	0
DS571178	88913	88982	15	0	5	0
DS571178	89331	89389	9	0	1	0
DS571178	91326	91405	138	0	48	0
DS571179	8638	8692	53	0	35	0
DS571179	8933	8997	66	0	32	0
DS571179	9286	9350	47	0	69	0
DS571179	21773	21818	8	0	1	0
DS571179	26271	26362	144	0	46	0
DS571179	59204	59253	10	0	4	0
DS571179	59643	59693	4	0	7	0
DS571179	71144	71249	78	0	69	0
DS571179	71343	71425	85	0	65	0
DS571179	79566	79633	1	0	2	0
DS571179	80059	80098	2	0	1	0
DS571179	80059	80118	5	0	5	0
DS571179	80079	80098	5	0	1	0
DS571179	85908	85967	1	0	1	0
DS571180	14097	14150	23	0	25	0
DS571180	14130	14196	1	0	1	0
DS571180	15062	15116	36	0	31	0
DS571180	20443	20497	19	0	20	0
DS571180	50434	50482	23	0	20	0
DS571180	50946	51002	65	0	118	0
DS571180	52751	52819	1	0	1	0
DS571180	91656	91711	1	0	2	0
DS571180	91656	91760	244	0	203	0
DS571181	10658	10712	89	0	87	0
DS571181	11925	11982	12	0	3	0
DS571181	15256	15301	1	0	2	0
DS571181	32605	32662	2465	0	1484	0
DS571181	37789	37884	32	0	33	0
DS571181	75619	75663	192	0	179	0
DS571181	75804	75867	130	0	163	0
DS571182	24295	24340	5	0	4	0
DS571182	28006	28071	12	0	1	0
DS571182	37821	37866	12	0	4	0
DS571182	45067	45124	15	0	7	0
DS571182	45242	45315	10	0	8	0
DS571182	45452	45522	16	0	15	0
DS571182	47665	47713	51	0	48	0
DS571182	60099	60151	12	0	2	0
DS571182	60318	60382	16	0	1	0
DS571182	68370	68448	21	0	42	0
DS571182	70741	70792	64	0	86	0
DS571182	71774	71827	29	0	50	0
DS571182	73431	73474	63	0	14	0
DS571182	73635	73690	65	0	24	0
DS571182	75290	75348	121	0	57	0
DS571183	3545	3588	6	0	2	0
DS571183	9135	9210	3	0	1	0
DS571183	9163	9210	25	0	17	0
DS571183	9429	9480	21	0	15	0
DS571183	19543	19602	19	0	18	0
DS571183	22329	22390	24	0	9	0
DS571183	23012	23065	189	0	233	0
DS571183	27903	27976	202	0	273	0
DS571183	31316	31399	5	0	11	0
DS571183	31860	31909	11	0	15	0
DS571183	39347	39407	74	0	112	0
DS571183	60680	60738	1	0	4	0
DS571184	5210	5287	39	0	40	0
DS571184	6082	6134	36	0	19	0
DS571184	11865	11909	75	0	56	0
DS571184	13906	13976	5	0	5	0
DS571184	16424	16469	7	0	12	0
DS571184	16737	16783	27	0	19	0
DS571184	17271	17375	150	0	23	0
DS571184	20825	20890	20	0	29	0
DS571184	22253	22301	56	0	15	0
DS571184	38951	39011	5	0	10	0
DS571184	47859	47917	4	0	18	0
DS571184	48894	48999	40	0	39	0
DS571184	75660	75715	90	0	4	0
DS571184	78573	78629	72	0	68	0
DS571184	78766	78821	114	0	157	0
DS571184	79398	79450	20	0	30	0
DS571184	86670	86725	1268	0	1307	0
DS571185	25902	25954	17	0	7	0
DS571185	60504	60548	84	0	36	0
DS571185	63488	63555	5	0	3	0
DS571185	72263	72321	46	0	64	0
DS571186	1658	1716	363	0	75	0
DS571186	2936	2985	148	0	145	0
DS571186	4458	4513	44	0	24	0
DS571186	10002	10057	2	0	1	0
DS571186	26089	26145	30	0	10	0
DS571186	32334	32408	17	0	4	0
DS571186	34253	34306	6	0	16	0
DS571186	45390	45445	37	0	68	0
DS571186	48159	48214	8	0	7	0
DS571186	51066	51109	7	0	4	0
DS571186	52203	52248	32	0	17	0
DS571186	55885	55941	20	0	27	0
DS571186	56034	56090	18	0	15	0
DS571187	18780	18872	3	0	3	0
DS571187	26312	26367	62	0	60	0
DS571187	33393	33442	5	0	1	0
DS571187	39095	39153	41	0	108	0
DS571187	46993	47042	14	0	18	0
DS571187	50152	50200	31	0	18	0
DS571187	50347	50421	37	0	39	0
DS571187	59691	59798	102	0	34	0
DS571187	61207	61274	57	0	56	0
DS571187	72257	72306	214	0	87	0
DS571187	72796	72869	29	0	66	0
DS571187	77550	77593	17	0	7	0
DS571187	78913	78962	65	0	30	0
DS571187	79234	79280	39	0	12	0
DS571187	87045	87095	149	0	267	0
DS571188	15264	15310	30	0	29	0
DS571188	15689	15751	21	0	27	0
DS571188	21916	21972	54	0	77	0
DS571188	24652	24724	6	0	6	0
DS571188	38136	38181	18	0	9	0
DS571188	43582	43629	17	0	9	0
DS571188	45291	45409	1	0	4	0
DS571188	55827	55923	1	0	2	0
DS571188	58036	58138	966	0	927	0
DS571188	58093	58138	2	0	1	0
DS571189	25414	25460	104	0	75	0
DS571189	25546	25610	110	0	71	0
DS571189	25904	25948	390	0	183	0
DS571189	26057	26110	496	0	271	0
DS571189	31824	31863	2	0	1	0
DS571189	34055	34116	726	0	561	0
DS571189	34809	34864	22	0	19	0
DS571189	35666	35717	287	0	254	0
DS571189	53721	53797	3	0	4	0
DS571189	53911	53967	7	0	3	0
DS571189	54231	54295	3	0	1	0
DS571189	57774	57916	1	0	3	0
DS571189	57862	57916	3	0	4	0
DS571189	63568	63618	73	0	73	0
DS571189	73329	73378	11	0	27	0
DS571190	1731	1801	13	0	9	0
DS571190	1935	1988	9	0	3	0
DS571190	2421	2470	60	0	61	0
DS571190	7716	7774	471	0	478	0
DS571190	9025	9080	357	0	466	0
DS571190	14674	14730	19	0	19	0
DS571190	19859	19911	39	0	29	0
DS571190	32050	32172	2	0	2	0
DS571190	33439	33491	9	0	1	0
DS571190	36603	36656	1	0	2	0
DS571190	39546	39600	206	0	67	0
DS571190	40795	40849	25	0	1	0
DS571190	61521	61576	24	0	18	0
DS571190	66498	66543	39	0	25	0
DS571190	66726	66809	147	0	98	0
DS571190	69441	69489	10	0	6	0
DS571190	69569	69619	14	0	16	0
DS571190	69766	69825	19	0	19	0
DS571190	70024	70081	22	0	9	0
DS571190	74926	74971	1	0	1	0
DS571190	81318	81371	15	0	12	0
DS571190	81468	81524	7	0	3	0
DS571191	8007	8082	99	0	110	0
DS571191	16234	16286	448	0	462	0
DS571191	16898	16987	477	0	235	0
DS571191	17535	17596	13	0	7	0
DS571191	19737	19781	35	0	21	0
DS571191	22635	22692	75	0	55	0
DS571191	22794	22842	50	0	52	0
DS571191	34143	34197	14	0	12	0
DS571191	37596	37649	74	0	86	0
DS571191	38609	38680	2	0	5	0
DS571191	39132	39179	176	0	178	0
DS571191	39942	39988	501	0	414	0
DS571191	40850	40941	240	0	240	0
DS571191	43631	43679	24	0	30	0
DS571191	43747	43828	1	0	5	0
DS571191	43776	43828	27	0	21	0
DS571191	45310	45361	38	0	48	0
DS571191	49147	49232	128	0	42	0
DS571191	54340	54395	14	0	21	0
DS571191	56389	56436	5	0	4	0
DS571191	69748	69816	4	0	8	0
DS571192	6623	6678	15	0	5	0
DS571192	6628	6678	1	0	2	0
DS571192	8294	8376	235	0	85	0
DS571192	10488	10534	14	0	2	0
DS571192	59455	59506	532	0	454	0
DS571192	59455	59508	7	0	6	0
DS571192	59926	59973	12	0	3	0
DS571192	59926	60061	134	0	121	0
DS571192	60326	60398	3	0	4	0
DS571192	64855	64907	230	0	239	0
DS571192	72027	72095	97	0	83	0
DS571192	72027	72099	2	0	1	0
DS571193	23313	23359	91	0	131	0
DS571193	23741	23788	67	0	54	0
DS571193	36266	36319	30	0	8	0
DS571193	39592	39646	39	0	57	0
DS571193	47319	47372	5	0	5	0
DS571193	67586	67640	18	0	22	0
DS571194	3919	4003	26	0	27	0
DS571194	7812	7890	54	0	25	0
DS571194	35750	35803	93	0	57	0
DS571194	36741	36784	418	0	164	0
DS571194	36741	36788	2	0	2	0
DS571194	56114	56167	17	0	2	0
DS571194	61998	62046	2	0	4	0
DS571194	63919	64048	12	0	4	0
DS571194	69784	69845	6	0	3	0
DS571195	10026	10083	5	0	6	0
DS571195	14005	14091	87	0	61	0
DS571195	14688	14730	2	0	3	0
DS571195	14688	14743	62	0	10	0
DS571195	16571	16625	87	0	58	0
DS571195	17657	17714	1	0	1	0
DS571195	26386	26430	28	0	24	0
DS571195	28282	28345	18	0	28	0
DS571195	29045	29133	260	0	227	0
DS571195	33550	33606	1	0	1	0
DS571195	46756	46841	77	0	97	0
DS571195	46930	47019	16	0	16	0
DS571195	46942	47019	1	0	3	0
DS571195	50919	51004	259	0	197	0
DS571195	51088	51173	391	0	289	0
DS571195	51276	51329	424	0	279	0
DS571195	51390	51445	220	0	142	0
DS571195	60000	60057	158	0	123	0
DS571195	60216	60278	93	0	51	0
DS571196	26426	26472	4	0	1	0
DS571196	43155	43206	61	0	72	0
DS571196	58551	58601	603	0	296	0
DS571196	58551	58603	1	0	3	0
DS571196	60651	60697	54	0	2	0
DS571196	62770	62820	3	0	2	0
DS571196	73234	73276	30	0	37	0
DS571196	73900	73974	24	0	23	0
DS571197	25569	25626	3	0	5	0
DS571197	26704	26749	2	0	1	0
DS571197	44776	44829	37	0	29	0
DS571197	44779	44829	48	0	78	0
DS571197	44967	45107	181	0	200	0
DS571197	50845	50899	38	0	57	0
DS571197	53338	53483	416	0	104	0
DS571197	53433	53483	2	0	1	0
DS571197	65255	65386	182	0	35	0
DS571198	8822	8870	12	0	15	0
DS571198	9425	9467	35	0	22	0
DS571198	9819	9873	29	0	43	0
DS571198	11132	11189	113	0	52	0
DS571198	11354	11401	97	0	44	0
DS571198	12419	12474	28	0	31	0
DS571198	16365	16423	1	0	3	0
DS571198	17828	17976	3	0	2	0
DS571198	23380	23443	22	0	45	0
DS571198	27847	27893	6	0	6	0
DS571198	40569	40621	9	0	15	0
DS571198	64481	64526	3	0	9	0
DS571198	71120	71173	72	0	22	0
DS571198	72902	72972	4	0	7	0
DS571199	6669	6732	5	0	3	0
DS571199	15867	15917	54	0	63	0
DS571199	21264	21350	5	0	7	0
DS571199	23625	23676	59	0	58	0
DS571199	33406	33477	2	0	2	0
DS571199	42518	42582	94	0	44	0
DS571199	42727	42909	54	0	53	0
DS571199	48021	48072	11	0	34	0
DS571199	48729	48892	18	0	21	0
DS571199	64722	64773	50	0	55	0
DS571200	30613	30667	13	0	20	0
DS571200	31110	31296	471	0	446	0
DS571200	40199	40251	10	0	14	0
DS571200	46405	46454	225	0	325	0
DS571200	46405	46460	4	0	2	0
DS571200	47836	47899	56	0	39	0
DS571200	48833	48860	1	0	1	0
DS571200	48854	48934	1	0	3	0
DS571200	48881	48934	2	0	7	0
DS571200	48887	48914	2	0	1	0
DS571200	48908	48934	36	0	41	0
DS571200	51865	51921	2	0	1	0
DS571200	51871	51921	558	0	680	0
DS571200	54538	54598	12	0	4	0
DS571200	62024	62072	9	0	5	0
DS571201	24901	24962	108	0	61	0
DS571201	24918	24962	1	0	1	0
DS571201	43980	44030	1	0	1	0
DS571201	61630	61714	30	0	3	0
DS571201	61941	62053	18	0	8	0
DS571201	62749	62971	38	0	31	0
DS571201	64157	64234	36	0	31	0
DS571201	64519	64604	53	0	30	0
DS571201	67911	67977	245	0	236	0
DS571201	68231	68284	167	0	223	0
DS571201	69622	69686	14	0	3	0
DS571201	69954	70004	4	0	1	0
DS571201	70551	70604	9	0	8	0
DS571201	71183	71234	40	0	49	0
DS571202	14035	14080	97	0	102	0
DS571202	14322	14371	71	0	92	0
DS571202	14657	14724	65	0	67	0
DS571202	20909	20963	78	0	4	0
DS571202	30861	30913	836	0	473	0
DS571202	30874	30927	2	0	1	0
DS571202	35424	35469	2	0	2	0
DS571202	36139	36223	6	0	4	0
DS571202	58964	59017	97	0	13	0
DS571202	62788	62899	7	0	1	0
DS571202	63611	63673	196	0	230	0
DS571203	5521	5580	16	0	19	0
DS571203	5740	5786	11	0	4	0
DS571203	6252	6297	9	0	9	0
DS571203	8550	8602	51	0	25	0
DS571203	11682	11760	20	0	24	0
DS571203	16128	16182	2	0	4	0
DS571203	16128	16211	4	0	5	0
DS571203	30451	30514	9	0	7	0
DS571203	30870	30922	24	0	17	0
DS571203	31349	31407	20	0	11	0
DS571203	33216	33269	30	0	25	0
DS571203	33503	33578	47	0	24	0
DS571203	33711	33782	33	0	29	0
DS571203	49089	49137	4	0	7	0
DS571203	49268	49319	1	0	1	0
DS571203	54808	54907	1	0	2	0
DS571203	55597	55644	79	0	57	0
DS571203	56368	56426	2	0	1	0
DS571203	56970	57018	22	0	29	0
DS571204	8801	8845	78	0	31	0
DS571204	9446	9499	31	0	9	0
DS571204	10063	10118	90	0	27	0
DS571204	16806	16872	39	0	31	0
DS571204	20761	20805	123	0	147	0
DS571204	21073	21123	1	0	1	0
DS571204	21209	21257	39	0	12	0
DS571204	21375	21421	138	0	39	0
DS571204	27976	28040	2	0	3	0
DS571204	30169	30238	8	0	6	0
DS571204	30969	31042	15	0	3	0
DS571204	32075	32135	11	0	11	0
DS571204	37096	37151	10	0	1	0
DS571204	46317	46366	72	0	60	0
DS571204	46317	46369	1	0	1	0
DS571204	46452	46505	1	0	2	0
DS571204	47048	47096	6	0	13	0
DS571204	47427	47483	4	0	1	0
DS571204	48293	48348	30	0	12	0
DS571204	49089	49148	10	0	6	0
DS571205	17922	17970	302	0	321	0
DS571205	17922	17987	5	0	2	0
DS571205	31066	31228	1	0	2	0
DS571205	33361	33409	28	0	15	0
DS571205	33570	33622	40	0	17	0
DS571205	42887	42979	2	0	12	0
DS571205	57052	57124	12	0	13	0
DS571206	10081	10138	17	0	11	0
DS571206	10334	10391	4	0	13	0
DS571206	10782	10833	17	0	22	0
DS571206	14599	14618	1	0	1	0
DS571206	14599	14638	1	0	1	0
DS571206	17569	17624	12	0	8	0
DS571206	19883	19991	1	0	1	0
DS571206	19913	19991	1	0	1	0
DS571206	19946	19991	182	0	123	0
DS571206	20230	20296	27	0	43	0
DS571206	27286	27344	132	0	60	0
DS571206	27836	27891	120	0	91	0
DS571206	29456	29927	1	0	1	0
DS571206	32984	33046	21	0	33	0
DS571206	34289	34335	2	0	1	0
DS571206	57349	57394	17	0	8	0
DS571206	57972	58029	37	0	24	0
DS571206	62694	62750	25	0	38	0
DS571207	12189	12234	244	0	224	0
DS571207	12283	12330	299	0	232	0
DS571207	13241	13293	60	0	22	0
DS571207	13685	13733	1	0	1	0
DS571207	23493	23542	8	0	5	0
DS571207	23493	23582	2	0	9	0
DS571207	25332	25389	12	0	10	0
DS571207	28044	28095	12	0	12	0
DS571207	36496	36551	120	0	109	0
DS571207	36906	36958	39	0	78	0
DS571207	37152	37196	33	0	45	0
DS571207	37346	37391	16	0	31	0
DS571207	40729	40783	120	0	157	0
DS571207	46753	46812	107	0	171	0
DS571207	56871	56917	30	0	53	0
DS571207	56871	56919	2	0	1	0
DS571207	60970	61019	9	0	9	0
DS571208	5398	5453	4	0	4	0
DS571208	5402	5453	82	0	87	0
DS571208	7208	7264	16	0	10	0
DS571208	14794	14849	500	0	468	0
DS571208	34724	34747	4	0	1	0
DS571208	42481	42528	59	0	52	0
DS571208	54128	54185	34	0	21	0
DS571209	22836	22911	3	0	2	0
DS571209	22852	22911	1091	0	1278	0
DS571209	43476	43567	8	0	2	0
DS571210	38294	38340	367	0	284	0
DS571210	38457	38512	267	0	125	0
DS571210	48048	48133	26	0	22	0
DS571210	48280	48366	29	0	40	0
DS571211	519	572	2	0	4	0
DS571211	9806	9883	934	0	688	0
DS571211	16874	16940	13	0	14	0
DS571211	35699	35806	21	0	10	0
DS571211	40691	40749	30	0	44	0
DS571211	51740	51796	83	0	70	0
DS571211	61033	61111	2	0	3	0
DS571211	61139	61204	12	0	3	0
DS571212	48714	48807	1	0	1	0
DS571212	55063	55109	4	0	2	0
DS571213	8124	8196	61	0	86	0
DS571213	13385	13442	60	0	53	0
DS571213	13900	13944	7	0	6	0
DS571213	14737	14798	9	0	12	0
DS571213	19433	19481	47	0	22	0
DS571213	20814	20872	2	0	1	0
DS571213	29571	29625	22	0	2	0
DS571213	30237	30291	1	0	6	0
DS571213	33411	33484	1	0	2	0
DS571213	34714	34800	99	0	87	0
DS571213	44442	44501	1	0	11	0
DS571213	44631	44708	2	0	4	0
DS571214	19573	19639	82	0	74	0
DS571214	19744	19808	99	0	100	0
DS571214	26235	26295	128	0	209	0
DS571214	26354	26445	185	0	248	0
DS571214	26503	26564	157	0	191	0
DS571214	26519	26564	4	0	5	0
DS571214	27510	27567	3	0	2	0
DS571214	40421	40547	2	0	5	0
DS571214	41205	41253	44	0	28	0
DS571214	42783	42806	13	0	15	0
DS571214	42783	42854	1	0	1	0
DS571214	44316	44339	5	0	12	0
DS571214	44316	44363	3	0	2	0
DS571214	44364	44435	2	0	12	0
DS571214	44388	44435	1	0	1	0
DS571214	44436	44459	12	0	17	0
DS571214	44436	44483	12	0	20	0
DS571214	44436	44627	5	0	11	0
DS571214	44460	44531	5	0	12	0
DS571214	44484	44531	2	0	6	0
DS571214	44532	44555	2	0	2	0
DS571214	44532	44579	14	0	4	0
DS571214	44532	44627	1	0	2	0
DS571214	44556	44603	3	0	2	0
DS571215	11299	11351	5	0	1	0
DS571215	12717	12765	131	0	115	0
DS571215	12897	12947	13	0	7	0
DS571215	12904	12947	169	0	158	0
DS571215	13054	13120	6	0	16	0
DS571215	13054	13126	6	0	14	0
DS571215	13054	13157	2	0	1	0
DS571215	15629	15687	154	0	126	0
DS571215	15928	15976	23	0	20	0
DS571215	25866	25924	214	0	212	0
DS571215	26337	26399	26	0	34	0
DS571215	32122	32173	56	0	33	0
DS571215	49985	50031	9	0	14	0
DS571215	56531	56584	30	0	41	0
DS571215	59225	59296	2	0	3	0
DS571216	17226	17287	22	0	13	0
DS571216	17501	17549	43	0	22	0
DS571216	30415	30475	58	0	41	0
DS571216	38755	38806	53	0	49	0
DS571216	39037	39098	63	0	57	0
DS571216	43327	43376	3	0	3	0
DS571216	43430	43489	82	0	19	0
DS571217	1837	1890	5	0	13	0
DS571217	2059	2144	3	0	3	0
DS571217	2096	2144	16	0	16	0
DS571217	18024	18076	3	0	3	0
DS571217	19081	19141	25	0	31	0
DS571217	19437	19494	60	0	23	0
DS571217	25582	25635	14	0	12	0
DS571217	30542	30592	8	0	5	0
DS571217	53321	53371	7	0	14	0
DS571217	54068	54125	13	0	19	0
DS571218	9301	9385	11	0	4	0
DS571218	9524	9583	13	0	3	0
DS571218	26464	26567	11	0	7	0
DS571218	27387	27439	229	0	214	0
DS571218	56448	56493	35	0	29	0
DS571218	56448	56518	1	0	1	0
DS571218	56448	56524	1	0	2	0
DS571219	22890	22946	16	0	49	0
DS571219	25951	25994	34	0	17	0
DS571219	34487	34554	37	0	32	0
DS571219	36095	36141	75	0	73	0
DS571219	42107	42172	398	0	361	0
DS571219	42127	42172	1	0	2	0
DS571219	44001	44323	7	0	8	0
DS571219	44247	44323	3	0	4	0
DS571219	60451	60512	8	0	11	0
DS571220	9692	9741	1	0	1	0
DS571220	19055	19101	34	0	4	0
DS571220	19866	19935	57	0	91	0
DS571220	25280	25558	27	0	37	0
DS571220	28976	29040	62	0	57	0
DS571220	33698	33758	5	0	7	0
DS571220	43919	43971	349	0	548	0
DS571220	46087	46130	3	0	1	0
DS571221	8406	8459	30	0	48	0
DS571221	17576	17634	26	0	9	0
DS571221	20622	20687	4	0	10	0
DS571221	54806	54865	67	0	59	0
DS571221	55010	55066	52	0	44	0
DS571222	12964	13019	140	0	34	0
DS571222	14823	14886	7	0	5	0
DS571222	19960	20012	39	0	48	0
DS571222	21133	21186	25	0	3	0
DS571222	24042	24158	451	0	485	0
DS571222	36442	36501	9	0	16	0
DS571222	36452	36501	712	0	753	0
DS571222	36748	36794	567	0	442	0
DS571222	38325	38378	16	0	27	0
DS571222	40731	40808	1	0	4	0
DS571222	45270	45351	11	0	4	0
DS571222	47330	47387	71	0	14	0
DS571222	53317	53416	2	0	1	0
DS571223	6216	6273	225	0	128	0
DS571223	6434	6495	2	0	6	0
DS571223	6434	6559	161	0	94	0
DS571223	6434	6563	1	0	2	0
DS571223	14535	14600	254	0	297	0
DS571223	16587	16636	22	0	31	0
DS571223	16816	16871	1	0	3	0
DS571223	16816	16874	1	0	1	0
DS571223	17266	17329	13	0	15	0
DS571223	17855	17900	187	0	37	0
DS571223	30432	30477	2	0	1	0
DS571223	30432	30491	25	0	16	0
DS571223	37149	37196	15	0	34	0
DS571223	50433	50484	5	0	2	0
DS571223	50592	50643	13	0	2	0
DS571224	16026	16073	18	0	15	0
DS571224	17087	17135	1	0	4	0
DS571224	17087	17155	310	0	361	0
DS571224	17493	17544	238	0	89	0
DS571224	17497	17544	2	0	1	0
DS571224	19864	19909	5	0	1	0
DS571224	19864	19913	60	0	30	0
DS571224	19864	19936	3227	0	2072	0
DS571224	33583	33643	3	0	1	0
DS571224	49046	49093	6	0	2	0
DS571224	51315	51404	103	0	5	0
DS571224	53921	53970	127	0	144	0
DS571225	7734	7801	21	0	18	0
DS571225	13743	13802	3	0	2	0
DS571225	16570	16642	2	0	1	0
DS571225	16598	16642	75	0	68	0
DS571225	36129	36175	150	0	23	0
DS571225	36482	36550	95	0	41	0
DS571225	50468	50516	169	0	62	0
DS571226	14084	14133	1	0	1	0
DS571226	14226	14290	16	0	8	0
DS571226	15124	15176	205	0	107	0
DS571226	27278	27365	420	0	245	0
DS571226	27440	27559	1	0	1	0
DS571226	27467	27559	260	0	182	0
DS571226	27467	27563	5	0	1	0
DS571226	28961	29010	131	0	55	0
DS571226	29838	29891	45	0	47	0
DS571226	31308	31363	28	0	1	0
DS571227	7273	7341	162	0	111	0
DS571227	7814	7895	351	0	159	0
DS571227	12380	12448	21	0	36	0
DS571227	13001	13078	3	0	1	0
DS571227	13005	13078	576	0	296	0
DS571227	16516	16571	155	0	156	0
DS571227	22831	22889	99	0	105	0
DS571227	22986	23046	107	0	119	0
DS571227	23488	23550	206	0	224	0
DS571227	26191	26232	22	0	7	0
DS571227	27431	27482	23	0	8	0
DS571227	34575	34665	2	0	1	0
DS571227	40412	40475	3	0	6	0
DS571227	40635	40714	21	0	5	0
DS571227	42008	42053	63	0	92	0
DS571227	44772	44822	6	0	7	0
DS571227	52588	52731	18	0	8	0
DS571227	53187	54006	10	0	4	0
DS571227	53344	53400	127	0	156	0
DS571227	53495	53595	209	0	236	0
DS571227	53495	53613	1	0	1	0
DS571227	54108	54249	9	0	4	0
DS571227	55638	55689	11	0	13	0
DS571228	15494	15564	7	0	10	0
DS571228	16800	16944	88	0	14	0
DS571228	19507	19582	18	0	6	0
DS571228	34573	34620	3	0	4	0
DS571228	35118	35138	4	0	1	0
DS571228	38377	38449	1	0	1	0
DS571228	46132	46181	3	0	1	0
DS571228	46136	46181	622	0	644	0
DS571228	46803	46858	14	0	2	0
DS571228	49986	50051	9	0	3	0
DS571229	11600	11659	21	0	17	0
DS571229	12458	12527	23	0	6	0
DS571229	16938	16981	1	0	2	0
DS571229	16938	16987	263	0	325	0
DS571229	21627	21653	5	0	5	0
DS571229	24895	24955	2	0	1	0
DS571229	33037	33095	91	0	104	0
DS571229	33847	33894	68	0	18	0
DS571230	9667	9708	2	0	19	0
DS571230	11963	12011	2	0	4	0
DS571230	13079	13137	74	0	5	0
DS571230	24475	24535	54	0	77	0
DS571230	29520	29565	191	0	230	0
DS571230	29762	29833	4	0	2	0
DS571230	29780	29833	409	0	256	0
DS571230	31366	31416	52	0	61	0
DS571230	43145	43193	38	0	45	0
DS571230	47531	47595	1	0	2	0
DS571230	50325	50383	41	0	67	0
DS571230	54391	54461	4	0	3	0
DS571231	17398	17481	26	0	1	0
DS571231	18402	18517	1	0	2	0
DS571231	33376	33423	3	0	3	0
DS571231	33794	33985	4	0	5	0
DS571231	33869	33970	2	0	2	0
DS571231	33971	34024	2	0	1	0
DS571231	36485	36534	12	0	11	0
DS571231	42360	42496	74	0	77	0
DS571231	51003	51058	70	0	63	0
DS571231	51479	51535	123	0	69	0
DS571231	51672	51731	4	0	2	0
DS571232	10038	10085	3	0	2	0
DS571232	16956	17002	76	0	24	0
DS571232	33501	33555	87	0	29	0
DS571232	39164	39215	54	0	22	0
DS571232	40262	40379	51	0	26	0
DS571232	41687	41789	23	0	19	0
DS571232	49232	49294	63	0	27	0
DS571232	54091	54129	2	0	1	0
DS571232	54280	54339	1	0	1	0
DS571233	3857	3909	1	0	1	0
DS571233	9715	9763	46	0	38	0
DS571233	12200	12255	6	0	7	0
DS571233	22806	22857	2	0	2	0
DS571233	23001	23062	3	0	1	0
DS571233	23867	23913	42	0	44	0
DS571233	29439	29493	54	0	15	0
DS571233	31196	31368	26	0	22	0
DS571233	33471	33528	2	0	3	0
DS571233	33475	33528	120	0	99	0
DS571233	36325	36381	1	0	1	0
DS571233	37721	37831	90	0	85	0
DS571233	38043	38088	135	0	81	0
DS571233	38717	38785	115	0	105	0
DS571233	41043	41117	8	0	9	0
DS571233	41043	41156	2	0	2	0
DS571234	30734	30777	8	0	11	0
DS571234	33322	33366	1	0	3	0
DS571234	33322	33411	3	0	2	0
DS571234	33367	33411	12	0	19	0
DS571234	33412	33456	20	0	13	0
DS571234	33478	33522	8	0	9	0
DS571234	33502	33522	4	0	2	0
DS571234	35649	36188	1	0	1	0
DS571234	36666	36689	45	0	2	0
DS571234	48440	48501	2	0	3	0
DS571235	6350	6447	1	0	2	0
DS571235	12990	13048	14	0	2	0
DS571235	25194	25248	22	0	14	0
DS571235	28935	28984	35	0	6	0
DS571235	31777	31909	17	0	26	0
DS571235	32896	32948	22	0	29	0
DS571235	35358	35405	2	0	1	0
DS571235	43902	43960	152	0	166	0
DS571235	44434	44493	12	0	34	0
DS571235	45538	45589	17	0	7	0
DS571235	45942	46005	46	0	6	0
DS571235	48691	48746	63	0	50	0
DS571235	51160	51220	17	0	3	0
DS571235	51295	51347	26	0	4	0
DS571236	21369	21420	54	0	89	0
DS571236	22688	22739	18	0	12	0
DS571237	12047	12100	2	0	3	0
DS571237	12955	13006	18	0	3	0
DS571237	14526	14592	69	0	58	0
DS571237	21658	21725	78	0	9	0
DS571237	53195	53244	11	0	17	0
DS571238	4462	4521	8	0	1	0
DS571238	10021	10067	8	0	1	0
DS571238	15874	15934	4	0	2	0
DS571238	16769	16824	4	0	4	0
DS571238	16957	17007	173	0	125	0
DS571238	21451	21515	122	0	125	0
DS571238	34333	34382	44	0	34	0
DS571238	35550	35598	19	0	11	0
DS571238	43562	43618	3	0	3	0
DS571239	2570	2637	2	0	2	0
DS571239	2570	2671	535	0	254	0
DS571239	2570	2686	1	0	1	0
DS571239	2921	3044	295	0	218	0
DS571239	3551	3608	173	0	241	0
DS571239	13796	13842	125	0	176	0
DS571239	49006	49067	1	0	1	0
DS571239	49018	49067	186	0	55	0
DS571240	19018	19078	17	0	6	0
DS571240	19809	19862	5	0	3	0
DS571240	19809	19867	32	0	26	0
DS571240	21423	21470	97	0	32	0
DS571240	26297	26348	3	0	3	0
DS571240	34861	34898	1	0	1	0
DS571240	36752	36991	2	0	4	0
DS571240	36872	36991	2	0	1	0
DS571240	41599	41648	21	0	21	0
DS571240	41809	41859	19	0	20	0
DS571240	41986	42043	5	0	11	0
DS571241	6783	6834	26	0	23	0
DS571241	7696	7935	1	0	1	0
DS571241	7747	7828	15	0	12	0
DS571241	9862	9919	3	0	1	0
DS571241	11044	11103	45	0	57	0
DS571241	32365	32420	22	0	9	0
DS571241	34956	35010	6	0	23	0
DS571241	36207	36254	114	0	25	0
DS571241	41879	41941	7	0	5	0
DS571242	13021	13083	29	0	40	0
DS571242	13799	13849	26	0	8	0
DS571242	13799	13883	3	0	1	0
DS571242	13939	13986	43	0	19	0
DS571242	17031	17084	39	0	34	0
DS571242	18374	18453	4	0	5	0
DS571242	21460	21516	3	0	6	0
DS571242	36657	36725	28	0	51	0
DS571242	37998	38041	2	0	2	0
DS571242	38862	38912	15	0	2	0
DS571242	43607	43668	8	0	9	0
DS571242	45665	45802	49	0	12	0
DS571242	46030	46077	192	0	56	0
DS571242	47762	47820	94	0	99	0
DS571242	47943	47993	59	0	79	0
DS571243	4356	4420	22	0	26	0
DS571243	6295	6345	27	0	12	0
DS571243	7384	7468	79	0	19	0
DS571243	8658	8748	4	0	2	0
DS571243	9222	9277	38	0	76	0
DS571243	9889	9966	1	0	1	0
DS571243	9916	9966	103	0	94	0
DS571243	10029	10075	90	0	72	0
DS571243	14031	14081	4	0	8	0
DS571243	14168	14229	14	0	19	0
DS571243	36310	36368	43	0	53	0
DS571243	50098	50151	40	0	23	0
DS571243	50293	50340	28	0	35	0
DS571243	50611	50661	31	0	40	0
DS571244	38443	38496	3	0	2	0
DS571244	38443	38501	107	0	100	0
DS571244	41968	42100	1584	0	1778	0
DS571244	45365	45480	60	0	69	0
DS571245	10911	10959	35	0	29	0
DS571245	11164	11211	10	0	16	0
DS571245	31781	31833	2	0	1	0
DS571245	32074	32120	3	0	1	0
DS571245	32635	32692	28	0	5	0
DS571245	36245	36410	4	0	3	0
DS571246	8999	9051	4	0	6	0
DS571246	9910	9971	541	0	654	0
DS571246	16787	16841	82	0	106	0
DS571246	17251	17310	100	0	81	0
DS571246	18026	18073	2	0	1	0
DS571246	32010	32036	1	0	3	0
DS571246	33935	33983	78	0	109	0
DS571246	41921	41985	22	0	20	0
DS571247	12546	12657	2	0	1	0
DS571247	19969	20027	113	0	91	0
DS571247	20728	20836	41	0	6	0
DS571247	23643	23718	203	0	67	0
DS571247	24239	24285	6	0	7	0
DS571247	24239	24312	2	0	1	0
DS571247	32871	32965	14	0	10	0
DS571247	32871	32970	256	0	240	0
DS571248	14743	14819	13	0	7	0
DS571248	16094	16150	4	0	9	0
DS571248	16400	16441	10	0	8	0
DS571248	26726	26780	22	0	23	0
DS571248	31147	31242	999	0	1285	0
DS571248	31160	31242	4	0	6	0
DS571248	31191	31242	11	0	7	0
DS571249	9002	9065	3	0	2	0
DS571249	9093	9140	5	0	1	0
DS571249	9652	9707	9	0	4	0
DS571249	35031	35087	14	0	5	0
DS571249	40025	40065	73	0	73	0
DS571249	48318	48387	8	0	8	0
DS571250	22021	22047	1	0	2	0
DS571250	29841	29909	6	0	1	0
DS571250	30078	30135	21	0	1	0
DS571250	37547	37606	152	0	225	0
DS571250	41228	41286	30	0	15	0
DS571250	41999	42025	2	0	2	0
DS571250	48077	48138	1010	0	1128	0
DS571251	6515	6561	3	0	2	0
DS571251	9573	9727	1	0	1	0
DS571251	34034	34091	11	0	7	0
DS571251	34314	34389	2	0	1	0
DS571252	27647	27743	1	0	2	0
DS571252	27653	27743	1	0	1	0
DS571252	32095	32141	19	0	18	0
DS571252	35700	35810	3	0	1	0
DS571252	35700	36077	7	0	6	0
DS571252	35712	36072	2	0	2	0
DS571252	36155	36197	4	0	6	0
DS571253	1290	1341	12	0	1	0
DS571253	5325	5399	33	0	30	0
DS571253	5958	6016	18	0	21	0
DS571253	6135	6178	14	0	24	0
DS571253	20694	20750	57	0	49	0
DS571253	39350	39398	4	0	1	0
DS571253	40554	40614	99	0	125	0
DS571253	48747	48797	2	0	1	0
DS571254	2266	2323	242	0	311	0
DS571254	5773	5830	147	0	4	0
DS571254	13319	13372	869	0	1260	0
DS571254	22218	22295	17	0	2	0
DS571254	22823	22878	372	0	404	0
DS571254	27877	27928	10	0	9	0
DS571254	32410	32458	5	0	2	0
DS571254	37666	37712	56	0	11	0
DS571255	18762	18823	50	0	43	0
DS571255	19387	19445	76	0	80	0
DS571255	27809	27865	15	0	9	0
DS571255	28638	28687	6	0	9	0
DS571256	16973	17031	639	0	906	0
DS571256	22242	22311	132	0	68	0
DS571256	30372	30425	6	0	3	0
DS571256	31075	31126	14	0	12	0
DS571256	32964	32990	1	0	4	0
DS571256	33681	33742	7	0	5	0
DS571256	33734	33791	3	0	1	0
DS571256	34937	35002	30	0	14	0
DS571256	35311	35358	18	0	21	0
DS571256	35732	35797	188	0	200	0
DS571256	35951	36009	39	0	40	0
DS571256	38003	38055	7	0	1	0
DS571257	5168	5221	41	0	8	0
DS571257	5395	5485	53	0	14	0
DS571257	5607	5673	73	0	14	0
DS571257	14864	14927	79	0	74	0
DS571257	22678	22725	1	0	2	0
DS571257	23759	23788	4	0	1	0
DS571257	24381	24428	1	0	1	0
DS571257	24428	24455	1	0	1	0
DS571257	27007	27058	14	0	5	0
DS571257	27141	27192	9	0	6	0
DS571257	29878	29938	3	0	6	0
DS571257	37648	37712	2	0	2	0
DS571257	37661	37712	3	0	1	0
DS571257	42461	42532	45	0	42	0
DS571258	33865	33920	7	0	9	0
DS571259	2155	2211	57	0	34	0
DS571259	18488	18540	42	0	45	0
DS571259	33098	33147	104	0	106	0
DS571259	33289	33345	53	0	72	0
DS571259	39707	39757	61	0	55	0
DS571259	40777	40796	5	0	3	0
DS571260	16034	16089	5	0	5	0
DS571260	16218	16278	6	0	8	0
DS571260	16524	16572	1	0	1	0
DS571260	17866	18089	8	0	6	0
DS571260	17978	18089	5	0	1	0
DS571260	18217	18282	15	0	4	0
DS571260	27476	27518	6	0	4	0
DS571260	27702	27746	5	0	3	0
DS571260	28448	28576	19	0	23	0
DS571260	29162	29237	53	0	47	0
DS571260	33765	33877	57	0	4	0
DS571260	37291	37349	10	0	14	0
DS571260	37901	38086	283	0	117	0
DS571260	38727	38787	163	0	37	0
DS571260	41166	41223	40	0	26	0
DS571260	42286	42338	10	0	10	0
DS571261	19772	19823	16	0	2	0
DS571261	22417	22488	4	0	1	0
DS571261	28005	28051	34	0	15	0
DS571261	31611	31666	10	0	9	0
DS571261	33249	33310	59	0	79	0
DS571261	44319	44393	363	0	343	0
DS571261	46021	46064	13	0	32	0
DS571262	13672	13741	89	0	121	0
DS571262	19106	19244	4	0	3	0
DS571263	1088	1136	13	0	14	0
DS571263	2893	2973	4	0	3	0
DS571263	9171	9230	12	0	5	0
DS571263	9739	9792	20	0	67	0
DS571263	9929	9974	67	0	74	0
DS571263	17099	17167	20	0	1	0
DS571263	21420	21464	15	0	10	0
DS571263	21836	21899	58	0	53	0
DS571263	22505	22550	142	0	111	0
DS571263	33365	33433	68	0	71	0
DS571263	33499	33549	56	0	69	0
DS571264	4824	4883	121	0	77	0
DS571264	4977	5052	16	0	8	0
DS571264	17252	17305	136	0	141	0
DS571264	17566	17619	51	0	85	0
DS571264	37248	37318	11	0	18	0
DS571264	39953	40055	64	0	33	0
DS571264	40107	40194	17	0	15	0
DS571265	17423	17489	1	0	1	0
DS571265	17569	17642	4	0	2	0
DS571265	19459	19556	25	0	9	0
DS571265	20140	20203	12	0	11	0
DS571265	20483	20531	6	0	10	0
DS571265	20702	20766	10	0	16	0
DS571265	25571	25617	9	0	8	0
DS571265	31080	31229	1	0	1	0
DS571265	31701	31775	1	0	1	0
DS571265	36796	36844	52	0	32	0
DS571266	8292	8399	8	0	1	0
DS571266	15685	15744	52	0	114	0
DS571266	21408	21464	13	0	7	0
DS571266	25845	25899	445	0	474	0
DS571266	30659	30725	77	0	115	0
DS571266	31106	31157	96	0	110	0
DS571267	14228	14315	3	0	4	0
DS571267	29237	29294	46	0	42	0
DS571267	29681	29728	60	0	25	0
DS571267	35792	36271	1	0	2	0
DS571267	37517	37561	43	0	11	0
DS571268	14027	14081	4	0	9	0
DS571268	18920	19050	3	0	3	0
DS571268	25081	25225	2	0	4	0
DS571268	25081	25228	1	0	1	0
DS571268	38222	38274	3	0	6	0
DS571268	38225	38274	148	0	114	0
DS571268	44878	44934	76	0	61	0
DS571269	18210	18263	16	0	16	0
DS571269	18210	18276	1	0	1	0
DS571270	1923	1968	64	0	81	0
DS571270	12708	12762	13	0	16	0
DS571270	21751	21801	118	0	61	0
DS571270	31042	31094	200	0	201	0
DS571270	31567	31617	3	0	1	0
DS571270	32551	32615	180	0	146	0
DS571270	39086	39157	13	0	3	0
DS571270	41387	41433	32	0	20	0
DS571271	15233	15288	13	0	12	0
DS571271	22998	23069	24	0	16	0
DS571271	34620	34689	3	0	1	0
DS571271	41430	41495	1	0	3	0
DS571272	14631	14688	1	0	2	0
DS571272	15575	15621	136	0	90	0
DS571272	16582	16628	42	0	4	0
DS571272	16944	17012	37	0	3	0
DS571272	19131	19186	1	0	1	0
DS571272	19137	19186	17	0	26	0
DS571272	21321	21376	6	0	9	0
DS571272	31813	31860	265	0	221	0
DS571272	32259	32314	19	0	14	0
DS571272	42496	42550	8	0	3	0
DS571272	43730	43803	1	0	1	0
DS571273	14299	14353	8	0	2	0
DS571273	20163	20215	29	0	22	0
DS571273	20337	20386	10	0	9	0
DS571273	30177	30222	94	0	19	0
DS571273	33731	34002	41	0	30	0
DS571273	33950	34002	7	0	10	0
DS571273	38166	38212	30	0	18	0
DS571275	9430	9478	33	0	56	0
DS571275	12722	12771	240	0	179	0
DS571275	13051	13108	265	0	319	0
DS571275	13051	13142	2	0	2	0
DS571275	18301	18352	59	0	65	0
DS571275	20276	20337	356	0	168	0
DS571275	22384	22427	6	0	5	0
DS571275	26188	26247	99	0	116	0
DS571275	29103	29150	33	0	51	0
DS571275	30809	30866	30	0	14	0
DS571276	4026	4074	35	0	26	0
DS571276	5616	5663	2	0	7	0
DS571276	14392	14694	11	0	8	0
DS571276	32395	32469	63	0	22	0
DS571276	33386	33436	208	0	195	0
DS571276	33386	33439	2	0	5	0
DS571276	33567	33627	203	0	152	0
DS571276	34920	35159	165	0	59	0
DS571276	35244	35324	7	0	1	0
DS571276	35244	35357	173	0	62	0
DS571277	25521	25579	1	0	1	0
DS571277	25758	25814	38	0	29	0
DS571277	26181	26231	36	0	33	0
DS571277	26366	26418	30	0	33	0
DS571277	38786	38891	1	0	1	0
DS571277	41346	41484	52	0	63	0
DS571278	18787	18860	8	0	7	0
DS571278	28816	28868	5	0	9	0
DS571278	29140	29192	13	0	19	0
DS571278	29470	29544	16	0	5	0
DS571278	29640	29692	11	0	3	0
DS571278	30017	30095	1	0	3	0
DS571278	31774	31819	3	0	9	0
DS571278	33129	33181	31	0	38	0
DS571278	33947	33991	97	0	75	0
DS571278	34147	34229	84	0	65	0
DS571279	803	851	78	0	46	0
DS571279	803	878	1	0	1	0
DS571279	3649	3694	182	0	238	0
DS571279	10143	10190	23	0	12	0
DS571279	24492	24547	4	0	2	0
DS571279	24492	24552	3	0	8	0
DS571279	33622	33675	179	0	52	0
DS571279	35653	35708	4	0	5	0
DS571279	42370	42427	12	0	6	0
DS571280	15419	15553	1	0	1	0
DS571280	20399	20452	27	0	11	0
DS571280	21566	21628	26	0	43	0
DS571280	24507	24578	10	0	8	0
DS571280	28506	28552	13	0	7	0
DS571281	6112	6161	122	0	112	0
DS571281	6112	6170	6	0	3	0
DS571281	25453	25500	14	0	4	0
DS571281	25456	25500	2	0	1	0
DS571281	26061	26132	46	0	73	0
DS571281	26063	26112	2	0	1	0
DS571282	12682	12729	115	0	55	0
DS571282	26325	26406	22	0	4	0
DS571282	26459	26516	9	0	6	0
DS571283	1513	1575	123	0	138	0
DS571283	3138	3189	9	0	6	0
DS571283	3146	3189	521	0	283	0
DS571283	3357	3407	212	0	118	0
DS571283	14955	15036	2	0	1	0
DS571284	14889	14935	29	0	42	0
DS571284	15614	15658	19	0	8	0
DS571284	15787	15839	18	0	7	0
DS571284	16110	16161	12	0	2	0
DS571284	16207	16261	18	0	2	0
DS571284	31687	31763	2	0	2	0
DS571284	31687	31793	7	0	2	0
DS571284	31765	31821	14	0	21	0
DS571284	31765	31823	12	0	4	0
DS571285	9849	9932	1	0	7	0
DS571285	18194	18272	4	0	3	0
DS571286	12380	12529	1	0	2	0
DS571286	26182	26237	32	0	46	0
DS571286	30268	30319	3217	0	4474	0
DS571286	30838	30889	6	0	14	0
DS571286	30838	30897	218	0	212	0
DS571286	31529	31576	4	0	5	0
DS571286	31851	31901	1	0	4	0
DS571286	32063	32139	1	0	1	0
DS571286	32626	32859	756	0	648	0
DS571287	10231	10353	6	0	7	0
DS571287	12390	12438	57	0	54	0
DS571287	12925	13099	99	0	35	0
DS571287	13244	13396	127	0	36	0
DS571287	27966	28023	1	0	1	0
DS571287	29482	29526	2	0	2	0
DS571287	30216	30274	3	0	2	0
DS571287	31127	31198	7	0	6	0
DS571287	31152	31198	341	0	517	0
DS571287	32445	32494	3	0	2	0
DS571287	37291	37380	17	0	3	0
DS571288	16820	16884	5	0	5	0
DS571288	18057	18261	5	0	1	0
DS571289	24534	24580	21	0	23	0
DS571289	25281	25347	20	0	4	0
DS571290	26463	26510	13	0	11	0
DS571291	3787	3838	2	0	4	0
DS571291	9911	9969	4	0	1	0
DS571291	10327	10385	48	0	67	0
DS571291	10844	10898	26	0	17	0
DS571291	12614	12685	1	0	2	0
DS571291	15559	15610	6	0	1	0
DS571291	15559	15613	43	0	8	0
DS571291	25194	25252	79	0	59	0
DS571291	26088	26142	3	0	4	0
DS571292	15607	15668	54	0	72	0
DS571292	17223	17280	3	0	1	0
DS571292	17836	17886	2	0	5	0
DS571292	20247	20299	21	0	25	0
DS571292	21086	21130	11	0	4	0
DS571292	21320	21382	8	0	2	0
DS571292	21473	21524	15	0	2	0
DS571292	21624	21673	28	0	7	0
DS571292	24075	24124	52	0	72	0
DS571292	25001	25051	28	0	29	0
DS571292	36252	36380	1	0	2	0
DS571293	9183	9227	8	0	8	0
DS571293	17366	17432	22	0	7	0
DS571293	17875	17924	12	0	8	0
DS571293	18452	18535	17	0	27	0
DS571293	18841	18900	1	0	1	0
DS571293	18845	18900	32	0	29	0
DS571293	20434	20497	16	0	1	0
DS571293	32550	32628	223	0	261	0
DS571294	4507	4594	1	0	2	0
DS571294	4507	4646	2420	0	1611	0
DS571294	7797	7844	91	0	85	0
DS571294	7992	8040	4	0	2	0
DS571294	7998	8040	400	0	367	0
DS571294	12714	12765	24	0	37	0
DS571294	13533	13584	148	0	193	0
DS571294	13808	13859	134	0	111	0
DS571294	16520	16605	1	0	1	0
DS571295	23462	23511	201	0	95	0
DS571295	23462	23514	1	0	1	0
DS571295	23566	23608	261	0	134	0
DS571295	23979	24027	240	0	275	0
DS571295	28579	28632	21	0	25	0
DS571295	36259	36308	91	0	31	0
DS571296	3232	3278	7	0	2	0
DS571296	4782	4836	2	0	1	0
DS571296	6615	6773	2	0	3	0
DS571296	10177	10502	227	0	66	0
DS571296	15659	15846	166	0	40	0
DS571296	15927	15983	138	0	36	0
DS571296	16839	16921	198	0	251	0
DS571296	25257	25331	29	0	10	0
DS571296	27060	27105	52	0	69	0
DS571297	8107	8155	1	0	2	0
DS571297	14490	14539	34	0	48	0
DS571297	18051	18112	45	0	83	0
DS571297	22678	22739	3	0	2	0
DS571297	22678	22761	57	0	40	0
DS571297	24782	24977	59	0	19	0
DS571297	35472	35530	81	0	74	0
DS571298	34905	34948	53	0	84	0
DS571299	14602	14669	224	0	235	0
DS571299	25390	25461	54	0	47	0
DS571299	26269	26330	38	0	12	0
DS571299	26712	26782	1	0	1	0
DS571299	33822	33873	31	0	64	0
DS571299	36227	36301	110	0	96	0
DS571299	36254	36301	13	0	15	0
DS571299	36400	36457	120	0	120	0
DS571300	7503	7554	182	0	163	0
DS571301	3166	3224	14	0	9	0
DS571301	23162	23205	23	0	10	0
DS571301	24986	25037	72	0	58	0
DS571301	25114	25177	33	0	44	0
DS571301	32022	32098	1	0	10	0
DS571302	424	475	9	0	15	0
DS571302	20993	21071	19	0	14	0
DS571302	22597	22655	12	0	7	0
DS571302	22918	22963	17	0	9	0
DS571302	33842	33892	63	0	28	0
DS571303	14262	14337	72	0	50	0
DS571303	17760	17828	28	0	28	0
DS571303	17777	17828	1	0	1	0
DS571303	17882	17943	31	0	28	0
DS571303	19638	19692	75	0	83	0
DS571303	19856	19912	52	0	71	0
DS571303	20033	20092	11	0	21	0
DS571303	30966	31050	5	0	1	0
DS571303	32338	32396	37	0	53	0
DS571304	16883	16926	1	0	2	0
DS571304	21859	21918	546	0	247	0
DS571304	23601	23651	9	0	11	0
DS571304	25409	25489	3	0	2	0
DS571304	25591	25708	5	0	3	0
DS571304	31362	31413	81	0	70	0
DS571305	6681	6734	17	0	26	0
DS571305	7085	7134	19	0	19	0
DS571305	9101	9144	50	0	14	0
DS571305	9396	9463	2	0	1	0
DS571305	9396	9480	32	0	6	0
DS571305	11243	11326	22	0	34	0
DS571305	12274	12326	13	0	1	0
DS571306	7300	7355	2	0	2	0
DS571306	15136	15196	4	0	1	0
DS571306	27946	28006	29	0	31	0
DS571307	4619	4692	3	0	9	0
DS571307	8368	8416	7	0	5	0
DS571307	9442	9488	63	0	47	0
DS571307	9605	9650	50	0	59	0
DS571307	11310	11366	231	0	161	0
DS571307	28669	28722	64	0	65	0
DS571307	29004	29055	56	0	29	0
DS571307	35078	35121	108	0	17	0
DS571309	5703	5753	10	0	11	0
DS571309	8789	8838	1	0	1	0
DS571309	11145	11190	1	0	2	0
DS571309	11366	11468	136	0	92	0
DS571309	11377	11468	8	0	4	0
DS571309	21153	21214	19	0	4	0
DS571309	27275	27328	1	0	2	0
DS571309	28065	28116	11	0	3	0
DS571310	1530	1582	108	0	172	0
DS571310	8961	9020	126	0	136	0
DS571311	13810	13876	87	0	128	0
DS571311	14365	14426	76	0	39	0
DS571312	7669	7725	89	0	104	0
DS571312	9529	9580	3	0	1	0
DS571312	14999	15032	11	0	6	0
DS571312	17325	17351	3	0	2	0
DS571313	7623	7684	346	0	197	0
DS571313	8313	8369	221	0	71	0
DS571313	9128	9185	92	0	54	0
DS571313	9544	9604	2	0	2	0
DS571313	13398	13548	13	0	9	0
DS571313	13398	13551	760	0	305	0
DS571313	26929	27042	3	0	3	0
DS571313	26929	27156	12	0	5	0
DS571313	26983	27096	8	0	7	0
DS571313	26983	27210	1	0	1	0
DS571313	27043	27156	1	0	4	0
DS571313	27680	27725	12	0	4	0
DS571313	27872	27938	2	0	4	0
DS571314	6965	7017	9	0	20	0
DS571314	7261	7325	10	0	10	0
DS571314	11344	11454	33	0	49	0
DS571314	11344	11565	8	0	8	0
DS571314	11439	11549	6	0	19	0
DS571314	30271	30335	90	0	64	0
DS571315	5571	5705	37	0	1	0
DS571315	10350	10427	26	0	20	0
DS571315	11215	11261	15	0	2	0
DS571315	12833	12916	13	0	4	0
DS571315	13111	13158	19	0	4	0
DS571315	21104	21147	1	0	2	0
DS571315	21104	21164	7	0	5	0
DS571315	22168	22228	1	0	4	0
DS571315	24657	24797	103	0	25	0
DS571315	28658	28707	180	0	139	0
DS571315	30189	30235	3	0	3	0
DS571315	33187	33246	5	0	3	0
DS571316	4734	4781	14	0	13	0
DS571316	5289	5337	27	0	58	0
DS571316	5569	5639	1	0	1	0
DS571316	5593	5639	50	0	64	0
DS571316	12022	12075	648	0	509	0
DS571316	26041	26111	20	0	8	0
DS571316	29610	29661	103	0	115	0
DS571316	32808	32870	3	0	4	0
DS571317	3965	4018	131	0	55	0
DS571317	4323	4382	212	0	54	0
DS571317	5633	5680	14	0	19	0
DS571317	5746	5793	19	0	23	0
DS571317	7936	7985	1	0	7	0
DS571317	8469	8519	2	0	1	0
DS571317	20853	20907	14	0	5	0
DS571317	22732	22784	4	0	4	0
DS571317	23801	23866	17	0	14	0
DS571318	2016	2086	22	0	43	0
DS571318	20599	20717	1	0	5	0
DS571318	31528	31591	1	0	2	0
DS571319	14853	14931	88	0	97	0
DS571319	15854	15981	50	0	22	0
DS571319	16235	16302	68	0	27	0
DS571320	1988	2041	26	0	12	0
DS571320	2448	2502	11	0	3	0
DS571320	26568	26611	16	0	9	0
DS571320	27955	28011	18	0	13	0
DS571321	6613	6690	9	0	4	0
DS571321	6853	6919	4	0	9	0
DS571322	11444	11491	1	0	1	0
DS571322	11444	11652	267	0	171	0
DS571322	16798	16853	29	0	7	0
DS571322	19258	19304	25	0	5	0
DS571323	8461	8512	6	0	7	0
DS571323	8583	8627	20	0	21	0
DS571323	14316	14451	22	0	23	0
DS571323	17264	17320	649	0	180	0
DS571323	18055	18110	2	0	1	0
DS571323	27749	27851	1052	0	413	0
DS571323	27749	27856	7	0	2	0
DS571324	15939	15987	26	0	17	0
DS571326	8698	8766	2	0	1	0
DS571326	11494	11546	3	0	1	0
DS571326	15225	15362	4	0	5	0
DS571326	18249	18312	12	0	6	0
DS571326	18917	18966	11	0	5	0
DS571326	19975	20039	7	0	5	0
DS571326	24343	24415	66	0	117	0
DS571327	3367	3472	4	0	1	0
DS571327	11102	11150	22	0	9	0
DS571327	12107	12155	26	0	26	0
DS571327	13057	13099	36	0	18	0
DS571327	13307	13383	64	0	25	0
DS571327	13770	13825	6	0	3	0
DS571327	15651	15693	11	0	2	0
DS571327	19547	19591	81	0	67	0
DS571327	25214	25276	6	0	4	0
DS571328	19037	19093	169	0	12	0
DS571329	7857	7946	1	0	1	0
DS571329	8701	8756	25	0	16	0
DS571329	8918	8976	23	0	10	0
DS571329	13186	13242	26	0	23	0
DS571329	13288	13341	27	0	22	0
DS571330	10924	10976	15	0	36	0
DS571330	13618	13664	10	0	1	0
DS571330	14209	14264	40	0	6	0
DS571330	14429	14481	29	0	1	0
DS571330	20057	20116	2	0	2	0
DS571330	24931	25007	2	0	2	0
DS571330	29860	29913	65	0	81	0
DS571330	30003	30071	89	0	87	0
DS571330	30250	30307	66	0	35	0
DS571331	2358	2414	98	0	36	0
DS571331	2761	2804	73	0	11	0
DS571331	6491	6551	2	0	2	0
DS571331	6943	7003	35	0	18	0
DS571331	6943	7005	2	0	2	0
DS571331	7061	7180	50	0	32	0
DS571331	7405	7478	15	0	13	0
DS571331	7737	7781	13	0	6	0
DS571331	10903	10966	22	0	10	0
DS571331	14056	14115	9	0	5	0
DS571331	19148	19201	3	0	3	0
DS571331	20042	20112	16	0	8	0
DS571331	21973	22036	200	0	85	0
DS571332	5927	5972	158	0	58	0
DS571332	8201	8256	227	0	99	0
DS571332	14696	14763	52	0	51	0
DS571332	15387	15439	9	0	11	0
DS571332	16062	16105	27	0	6	0
DS571332	28905	28961	219	0	307	0
DS571332	30856	30908	175	0	14	0
DS571335	18735	18781	5	0	7	0
DS571335	26041	26092	4	0	3	0
DS571336	4402	4457	16	0	1	0
DS571336	8422	8501	21	0	1	0
DS571336	18351	18395	33	0	7	0
DS571337	15036	15080	8	0	2	0
DS571337	15362	15413	5	0	2	0
DS571337	15978	16025	28	0	22	0
DS571337	16564	16616	48	0	12	0
DS571337	16659	16714	34	0	7	0
DS571337	16988	17038	38	0	10	0
DS571337	17417	17475	31	0	24	0
DS571337	17886	17934	59	0	73	0
DS571337	19465	19517	21	0	28	0
DS571337	20352	20463	2	0	1	0
DS571337	20364	20426	121	0	49	0
DS571337	20736	20802	47	0	47	0
DS571337	20907	20997	34	0	44	0
DS571337	26576	26632	10	0	22	0
DS571337	26919	26995	7	0	4	0
DS571337	27100	27152	15	0	4	0
DS571337	27465	27512	9	0	8	0
DS571338	3512	3570	9	0	11	0
DS571338	3581	3740	3	0	4	0
DS571338	9003	9134	1	0	1	0
DS571338	11940	11992	64	0	68	0
DS571338	12140	12207	4	0	4	0
DS571339	8841	8899	24	0	16	0
DS571339	22867	22926	2	0	3	0
DS571339	26510	26568	47	0	39	0
DS571339	27315	27384	13	0	13	0
DS571339	29122	29191	16	0	13	0
DS571340	11776	11822	2	0	2	0
DS571341	18868	18917	3	0	2	0
DS571342	13113	13240	1	0	1	0
DS571342	15014	15074	57	0	74	0
DS571343	1542	1598	2	0	1	0
DS571344	12529	12582	40	0	35	0
DS571344	12714	12792	7	0	5	0
DS571344	21242	21312	3	0	3	0
DS571344	24817	24880	4	0	8	0
DS571344	24944	24999	8	0	7	0
DS571345	3617	3660	29	0	11	0
DS571345	7630	7683	158	0	29	0
DS571345	7878	7940	71	0	16	0
DS571345	10249	10313	12	0	14	0
DS571345	22698	22759	11	0	20	0
DS571346	1114	1273	2444	0	1590	0
DS571346	5992	6050	90	0	127	0
DS571346	8070	8128	1	0	1	0
DS571346	11554	11640	1	0	1	0
DS571346	13488	13547	117	0	16	0
DS571346	27507	27556	38	0	14	0
DS571347	5754	5809	37	0	28	0
DS571347	9573	9628	39	0	24	0
DS571347	9746	9789	30	0	15	0
DS571347	16368	16464	151	0	132	0
DS571347	16753	16809	6	0	6	0
DS571347	17832	17934	1	0	1	0
DS571347	20084	20145	22	0	12	0
DS571349	3865	3910	26	0	31	0
DS571349	8204	8270	2	0	1	0
DS571349	8864	8921	3	0	2	0
DS571349	24351	24411	143	0	49	0
DS571349	26454	26527	26	0	11	0
DS571349	26652	26698	38	0	10	0
DS571350	1647	1725	4	0	6	0
DS571351	987	1048	69	0	97	0
DS571351	15858	15928	53	0	13	0
DS571351	17072	17130	33	0	45	0
DS571351	18124	18182	99	0	32	0
DS571351	22027	22083	43	0	45	0
DS571352	13296	13346	8	0	11	0
DS571352	13624	13672	42	0	18	0
DS571352	17169	17221	43	0	81	0
DS571353	10460	10511	5	0	1	0
DS571353	10460	10527	42	0	24	0
DS571353	11863	11994	76	0	149	0
DS571353	14069	14148	27	0	16	0
DS571353	14195	14260	25	0	16	0
DS571353	14695	14776	3	0	1	0
DS571353	15980	16035	2	0	1	0
DS571353	23962	24009	238	0	34	0
DS571355	7033	7082	109	0	93	0
DS571355	9477	9530	3	0	4	0
DS571356	9076	9164	87	0	17	0
DS571356	9947	10007	1	0	1	0
DS571356	15879	15992	21	0	26	0
DS571356	16972	17018	23	0	6	0
DS571356	17243	17319	9	0	2	0
DS571357	5327	5374	4	0	3	0
DS571357	5684	5736	8	0	4	0
DS571357	13000	13129	1	0	1	0
DS571357	13801	13862	15	0	27	0
DS571357	14034	14087	12	0	14	0
DS571357	22295	22351	2	0	2	0
DS571358	13852	13900	7	0	7	0
DS571358	14238	14307	10	0	12	0
DS571358	18860	18905	2	0	1	0
DS571358	20209	20263	2	0	2	0
DS571359	21324	21451	10	0	10	0
DS571360	25198	25242	45	0	62	0
DS571361	10567	10612	224	0	179	0
DS571361	10777	10883	2	0	2	0
DS571361	12088	12295	9	0	2	0
DS571361	12105	12408	1	0	1	0
DS571361	12176	12295	26	0	8	0
DS571361	12190	12303	13	0	6	0
DS571361	12662	12989	1	0	1	0
DS571361	13856	13913	219	0	262	0
DS571361	25382	25439	4	0	5	0
DS571362	2246	2298	11	0	6	0
DS571362	16769	16821	33	0	27	0
DS571365	6820	6870	79	0	29	0
DS571365	8665	8722	28	0	21	0
DS571365	10366	10431	25	0	35	0
DS571367	6048	6116	60	0	86	0
DS571367	15643	15707	4	0	1	0
DS571367	15769	15838	1	0	4	0
DS571368	8145	8192	90	0	60	0
DS571368	14115	14165	2	0	1	0
DS571368	18970	19021	2	0	1	0
DS571370	4275	4348	95	0	67	0
DS571370	5639	5707	252	0	264	0
DS571370	5649	5707	10	0	4	0
DS571370	6409	6462	41	0	53	0
DS571370	7525	7603	7	0	1	0
DS571370	9063	9123	5	0	1	0
DS571370	15154	15206	3	0	2	0
DS571370	21532	21579	39	0	14	0
DS571371	4144	4192	20	0	5	0
DS571371	23779	23830	134	0	119	0
DS571372	4158	4215	267	0	257	0
DS571372	12003	12082	85	0	85	0
DS571373	5457	5522	3	0	4	0
DS571373	6969	7013	255	0	262	0
DS571373	7794	7836	3	0	4	0
DS571373	12865	12911	117	0	77	0
DS571373	13519	13576	8	0	10	0
DS571373	19332	19400	25	0	34	0
DS571373	20981	21036	20	0	46	0
DS571374	3300	3344	28	0	46	0
DS571374	18031	18092	58	0	52	0
DS571376	1955	2007	18	0	11	0
DS571376	6511	6575	2	0	2	0
DS571377	6804	6850	117	0	58	0
DS571377	10891	10940	5	0	5	0
DS571377	13611	13661	26	0	16	0
DS571378	4046	4128	288	0	286	0
DS571378	7274	7333	4	0	8	0
DS571379	7925	7954	1	0	6	0
DS571379	8606	8709	2	0	2	0
DS571379	19532	19621	16	0	13	0
DS571380	847	942	3	0	6	0
DS571380	847	966	2	0	3	0
DS571380	847	990	4	0	11	0
DS571380	847	1014	25	0	25	0
DS571380	871	942	3	0	4	0
DS571380	871	990	9	0	11	0
DS571380	871	1014	32	0	33	0
DS571380	888	1031	3	0	4	0
DS571380	919	942	2	0	4	0
DS571380	919	966	3	0	3	0
DS571380	919	990	5	0	4	0
DS571380	919	1014	61	0	75	0
DS571380	3613	3672	1	0	1	0
DS571380	14501	14551	1	0	4	0
DS571380	15174	15230	5	0	3	0
DS571380	20443	20519	2	0	1	0
DS571380	21922	21983	34	0	26	0
DS571381	1889	1934	1	0	1	0
DS571381	3568	3620	585	0	269	0
DS571381	3568	3624	1	0	2	0
DS571381	7723	7781	1	0	1	0
DS571381	13771	13824	27	0	25	0
DS571381	19678	19778	11	0	8	0
DS571382	9617	9707	202	0	164	0
DS571382	9865	9941	6	0	5	0
DS571382	13864	14049	1	0	1	0
DS571382	22069	22113	2	0	2	0
DS571383	6326	6415	1	0	6	0
DS571383	6326	6552	368	0	408	0
DS571383	19266	19313	2	0	3	0
DS571384	2332	2379	1	0	1	0
DS571384	3368	3433	111	0	84	0
DS571384	6204	6265	4	0	7	0
DS571384	9618	9796	175	0	95	0
DS571384	9914	10083	1	0	1	0
DS571385	23219	23264	39	0	33	0
DS571386	8601	8650	26	0	22	0
DS571386	9236	9299	56	0	65	0
DS571386	11047	11093	3	0	1	0
DS571386	11047	11115	24	0	3	0
DS571386	11317	11367	13	0	9	0
DS571386	16680	16744	19	0	12	0
DS571387	5252	5342	71	0	91	0
DS571387	5268	5342	1	0	3	0
DS571387	10918	10980	3	0	4	0
DS571387	19391	19444	4	0	1	0
DS571388	9967	10053	2	0	2	0
DS571388	15190	15234	3	0	5	0
DS571388	16869	16939	14	0	22	0
DS571389	5249	5431	1	0	1	0
DS571389	19668	19738	104	0	70	0
DS571390	5979	6030	57	0	19	0
DS571390	16247	16299	146	0	131	0
DS571390	16829	16877	29	0	46	0
DS571390	16833	16877	1	0	2	0
DS571390	20577	20633	40	0	7	0
DS571390	20790	21014	46	0	5	0
DS571390	21991	22039	39	0	23	0
DS571390	22148	22192	45	0	32	0
DS571392	3121	3183	170	0	84	0
DS571393	5394	5439	79	0	80	0
DS571393	10511	10583	11	0	5	0
DS571394	16565	16627	1	0	1	0
DS571394	16567	16627	42	0	56	0
DS571394	16917	16990	55	0	44	0
DS571396	5210	5279	41	0	35	0
DS571396	11450	11583	79	0	38	0
DS571397	9766	9867	33	0	13	0
DS571397	9952	10059	50	0	15	0
DS571397	9975	10059	2	0	2	0
DS571397	10017	10059	2	0	1	0
DS571397	13647	13702	6	0	9	0
DS571397	17858	18038	2	0	1	0
DS571397	17858	18059	2408	0	1197	0
DS571398	4833	4880	2	0	3	0
DS571398	13705	13859	78	0	10	0
DS571398	16081	16139	49	0	44	0
DS571399	9641	9681	1	0	1	0
DS571400	4217	4280	49	0	9	0
DS571400	5190	5239	14	0	12	0
DS571400	7275	7324	160	0	78	0
DS571400	7514	7566	99	0	69	0
DS571400	16268	16315	20	0	38	0
DS571400	16445	16489	21	0	44	0
DS571400	18156	18205	36	0	41	0
DS571401	5965	6015	9	0	5	0
DS571401	6470	6536	73	0	17	0
DS571401	16365	16426	59	0	28	0
DS571402	7257	7305	29	0	28	0
DS571402	13090	13140	45	0	9	0
DS571403	17565	17615	145	0	203	0
DS571403	18026	18127	18	0	43	0
DS571405	1643	1699	169	0	58	0
DS571405	2271	2334	10	0	8	0
DS571405	2496	2557	22	0	11	0
DS571405	5444	5509	6	0	9	0
DS571405	16188	16241	1	0	2	0
DS571406	11330	11383	50	0	36	0
DS571406	11596	11688	32	0	17	0
DS571406	13700	13751	14	0	16	0
DS571408	3966	4035	61	0	53	0
DS571408	4361	4410	31	0	54	0
DS571408	4584	4643	9	0	8	0
DS571408	8394	8454	9	0	5	0
DS571408	10793	10836	162	0	108	0
DS571408	12551	12598	5	0	7	0
DS571410	9429	9482	2	0	1	0
DS571411	5294	5351	234	0	169	0
DS571411	10493	10542	4	0	2	0
DS571411	13416	13481	24	0	15	0
DS571413	12388	12443	23	0	14	0
DS571413	15616	15663	10	0	3	0
DS571413	15616	15697	1	0	2	0
DS571414	10814	10871	430	0	520	0
DS571414	15673	15721	123	0	27	0
DS571414	16438	16489	87	0	83	0
DS571416	5518	5572	13	0	7	0
DS571416	5960	6007	5	0	7	0
DS571416	6240	6325	2	0	1	0
DS571416	8085	8133	11	0	14	0
DS571416	16650	16710	99	0	57	0
DS571417	12672	12720	5	0	5	0
DS571418	4663	4708	14	0	10	0
DS571418	7928	7980	9	0	1	0
DS571418	10225	10266	1	0	1	0
DS571418	10953	11004	29	0	9	0
DS571421	6743	6798	2	0	5	0
DS571422	5963	6007	69	0	60	0
DS571422	6808	6885	55	0	47	0
DS571422	7183	7250	296	0	295	0
DS571423	8171	8224	17	0	29	0
DS571424	12511	12568	80	0	75	0
DS571425	11346	11413	3	0	4	0
DS571425	17908	17956	1	0	1	0
DS571425	19053	19096	3	0	2	0
DS571426	16253	16304	2	0	2	0
DS571427	3975	4023	40	0	27	0
DS571427	4390	4444	73	0	73	0
DS571429	4979	5107	1	0	1	0
DS571429	11590	11647	48	0	21	0
DS571429	11590	11654	1	0	1	0
DS571430	11298	11357	153	0	131	0
DS571430	16035	16095	4	0	2	0
DS571430	17332	17411	59	0	10	0
DS571430	17827	17885	8	0	11	0
DS571430	17827	18010	9	0	15	0
DS571430	18322	18381	368	0	389	0
DS571431	497	549	301	0	230	0
DS571431	6190	6246	117	0	46	0
DS571431	10942	10994	20	0	13	0
DS571431	12413	12466	5	0	7	0
DS571431	12553	12632	11	0	5	0
DS571431	14718	14796	5	0	3	0
DS571431	14718	14800	132	0	177	0
DS571431	15194	15248	505	0	525	0
DS571431	16807	16851	1	0	3	0
DS571432	6530	6624	3	0	3	0
DS571432	6568	6624	31	0	23	0
DS571432	6571	6624	7	0	8	0
DS571432	8156	8239	3	0	1	0
DS571432	8183	8239	7	0	3	0
DS571436	10725	10773	13	0	15	0
DS571436	10886	10945	18	0	23	0
DS571436	11055	11099	10	0	12	0
DS571436	11691	11740	4	0	2	0
DS571437	15400	15451	39	0	4	0
DS571438	2573	2627	2	0	1	0
DS571438	4638	4704	32	0	12	0
DS571438	4755	4907	2	0	1	0
DS571438	4778	4907	279	0	105	0
DS571438	5004	5064	14	0	5	0
DS571438	5187	5240	295	0	170	0
DS571438	5751	5805	37	0	47	0
DS571438	10166	10220	115	0	99	0
DS571439	9346	9407	3	0	6	0
DS571439	11487	11544	14	0	4	0
DS571439	13061	13124	8	0	6	0
DS571439	13491	13538	56	0	60	0
DS571439	13822	13872	125	0	144	0
DS571440	7314	7375	42	0	21	0
DS571441	12425	12481	48	0	38	0
DS571442	6359	6411	2	0	1	0
DS571443	9585	9653	1	0	1	0
DS571444	2809	2860	26	0	22	0
DS571446	9848	9902	29	0	25	0
DS571447	2831	2902	27	0	2	0
DS571448	8287	8338	13	0	3	0
DS571448	8432	8485	14	0	5	0
DS571451	14833	14886	4	0	2	0
DS571452	6486	6540	5	0	1	0
DS571452	11683	11745	98	0	106	0
DS571453	3199	3302	1	0	1	0
DS571453	6829	6887	3	0	3	0
DS571453	12033	12080	2	0	1	0
DS571459	9895	9948	427	0	427	0
DS571463	12693	12738	8	0	3	0
DS571463	14950	15036	276	0	169	0
DS571466	12526	12576	22	0	20	0
DS571466	13007	13069	10	0	2	0
DS571471	1963	2056	2	0	2	0
DS571471	1999	2056	210	0	73	0
DS571471	9263	9311	2	0	2	0
DS571475	389	432	1	0	3	0
DS571480	14459	14484	7	0	8	0
DS571480	14884	14989	30	0	32	0
DS571481	9668	9773	2502	0	1848	0
DS571481	11988	12034	21	0	11	0
DS571481	12233	12281	17	0	20	0
DS571482	1178	1231	25	0	21	0
DS571482	9065	9117	21	0	30	0
DS571482	11056	11109	3	0	1	0
DS571485	9808	9879	5	0	1	0
DS571486	11973	12056	43	0	19	0
DS571487	3630	3689	4	0	6	0
DS571487	3639	3689	61	0	94	0
DS571487	5286	5353	32	0	34	0
DS571487	9717	9769	102	0	64	0
DS571488	5963	6020	71	0	70	0
DS571488	9974	10024	39	0	38	0
DS571488	11222	11266	2	0	5	0
DS571489	6779	6912	1	0	1	0
DS571489	7657	7714	548	0	400	0
DS571490	6799	7004	11	0	7	0
DS571490	10415	10484	3	0	1	0
DS571493	3649	3697	87	0	74	0
DS571493	3649	3705	10	0	4	0
DS571493	10239	10296	1	0	2	0
DS571494	10925	11066	9	0	7	0
DS571497	10614	10896	1	0	1	0
DS571497	11372	11423	8	0	3	0
DS571498	2541	2596	95	0	47	0
DS571500	9994	10038	26	0	8	0
DS571503	3023	3092	1	0	1	0
DS571506	1446	1513	2	0	1	0
DS571506	4835	4926	874	0	356	0
DS571507	1285	1346	11	0	4	0
DS571507	2487	2550	10	0	2	0
DS571507	9145	9234	2	0	1	0
DS571508	4824	4868	1	0	1	0
DS571508	4927	5073	145	0	113	0
DS571508	5218	5275	84	0	89	0
DS571508	10702	10787	5	0	6	0
DS571516	7342	7394	42	0	32	0
DS571522	3369	3419	11	0	6	0
DS571522	3507	3549	8	0	6	0
DS571522	4862	5011	18	0	24	0
DS571522	4865	5011	117	0	77	0
DS571522	4960	5011	4	0	4	0
DS571525	4707	4762	59	0	83	0
DS571525	7777	7825	11	0	11	0
DS571528	2545	2610	1	0	4	0
DS571528	2786	2830	3	0	7	0
DS571528	7280	7403	2	0	1	0
DS571528	7343	7403	119	0	124	0
DS571528	7347	7403	3	0	5	0
DS571528	7955	8017	398	0	436	0
DS571534	6060	6119	18	0	15	0
DS571534	7492	7568	12	0	12	0
DS571534	7915	7969	41	0	19	0
DS571534	9201	9261	47	0	7	0
DS571539	738	788	7	0	11	0
DS571539	918	971	10	0	14	0
DS571539	1332	1384	1	0	1	0
DS571539	7105	7156	27	0	43	0
DS571542	6521	6581	1	0	2	0
DS571542	6715	6776	3	0	3	0
DS571546	4647	4794	357	0	153	0
DS571546	6663	6719	88	0	38	0
DS571547	1534	1583	148	0	134	0
DS571547	4235	4289	14	0	18	0
DS571547	7115	7169	1	0	1	0
DS571547	7115	7183	47	0	37	0
DS571560	7549	7597	5	0	1	0
DS571561	1764	2048	15	0	18	0
DS571561	4565	4616	2	0	6	0
DS571561	5212	5295	241	0	215	0
DS571561	9605	9681	1	0	1	0
DS571561	9735	9839	2	0	2	0
DS571562	3750	3786	116	0	154	0
DS571569	3168	3211	41	0	51	0
DS571578	2244	2335	1	0	1	0
DS571578	2244	2349	282	0	318	0
DS571579	1794	1850	15	0	10	0
DS571579	4788	4846	5	0	1	0
DS571588	305	352	8	0	13	0
DS571588	1573	1631	9	0	1	0
DS571588	1736	1797	8	0	2	0
DS571588	6591	6642	36	0	40	0
DS571588	8347	8406	15	0	16	0
DS571591	7583	7636	5	0	18	0
DS571594	4187	4241	83	0	67	0
DS571594	4948	4999	11	0	8	0
DS571594	4948	5004	3	0	3	0
DS571600	7518	7588	2	0	1	0
DS571600	8119	8182	598	0	537	0
DS571602	3175	3235	7	0	13	0
DS571602	8221	8282	1	0	4	0
DS571605	3970	4055	2	0	1	0
DS571605	3986	4034	1	0	2	0
DS571605	5224	5294	79	0	41	0
DS571607	1295	1449	3	0	2	0
DS571607	4487	4587	5	0	18	0
DS571607	5979	6033	95	0	144	0
DS571607	6258	6303	19	0	63	0
DS571609	5556	5644	44	0	32	0
DS571622	4234	4449	74	0	39	0
DS571623	4164	4214	3	0	2	0
DS571623	7445	7497	41	0	52	0
DS571646	4860	4916	2	0	2	0
DS571653	979	1032	76	0	35	0
DS571653	1129	1179	67	0	43	0
DS571655	6281	6331	1	0	1	0
DS571661	1308	1331	42	0	58	0
DS571661	1308	1451	1	0	3	0
DS571661	1319	1366	5	0	6	0
DS571661	1428	1451	5	0	2	0
DS571675	963	1029	41	0	40	0
DS571675	1403	1454	72	0	39	0
DS571676	2446	2493	45	0	48	0
DS571676	2771	2825	73	0	51	0
DS571676	2927	3009	1	0	1	0
DS571676	2966	3009	53	0	36	0
DS571676	4975	5054	11	0	14	0
DS571676	5525	5580	15	0	13	0
DS571676	5642	5694	11	0	16	0
DS571678	567	652	1	0	2	0
DS571684	2890	2933	118	0	88	0
DS571685	1784	1889	2	0	1	0
DS571685	1800	1889	361	0	295	0
DS571685	1846	1889	13	0	11	0
DS571685	2486	2539	7	0	8	0
DS571691	4420	4470	51	0	45	0
DS571700	3644	3748	1	0	2	0
DS571702	3423	3502	7	0	15	0
DS571705	245	298	1	0	4	0
DS571705	1710	1754	32	0	46	0
DS571711	1898	1963	3	0	3	0
DS571711	2585	2654	15	0	5	0
DS571718	3892	3946	925	0	546	0
DS571731	2108	2152	130	0	121	0
DS571736	1537	1595	34	0	24	0
DS571748	496	551	2	0	5	0
DS571748	671	750	1	0	1	0
DS571748	693	750	3	0	12	0
DS571748	2754	2798	79	0	29	0
DS571779	499	625	3	0	3	0
DS571785	1455	1505	23	0	14	0
DS571790	1697	1748	119	0	70	0
DS571795	1181	1302	2	0	1	0
DS571795	1975	2024	8	0	6	0
DS571795	1981	2024	11	0	11	0
DS571845	1887	1968	104	0	45	0
DS571855	2958	3011	16	0	9	0
DS571865	1739	1911	5	0	4	0
DS571866	1482	1558	2	0	1	0
DS571906	205	276	2	0	6	0
DS571976	1366	1413	816	0	709	0
DS571976	1366	1449	8	0	4	0
DS571976	1366	1485	11	0	3	0
DS571976	1366	1521	8	0	17	0
DS571976	1366	1545	75	0	46	0
DS571976	1366	1581	10	0	1	0
DS571976	1402	1449	10	0	6	0
DS571976	1402	1545	11	0	4	0
DS571976	1438	1485	12	0	7	0
DS571976	1438	1521	7	0	2	0
DS571976	1438	1545	8	0	5	0
DS571976	1438	1605	82	0	17	0
DS571976	1474	1521	41	0	8	0
DS571976	1474	1605	14	0	5	0
DS571976	1498	1521	1	0	1	0
DS571976	1510	1545	14	0	9	0
DS571976	1510	1605	40	0	16	0
DS571986	368	421	5	0	2	0
DS571986	479	563	37	0	23	0
DS572002	1933	1952	4	0	8	0
DS572012	902	961	4	0	8	0
DS572098	507	644	19	0	16	0
DS572134	431	491	1	0	1	0
DS572165	1502	1544	1	0	1	0
DS572169	1506	1553	142	0	64	0
DS572199	1331	1360	22	0	17	0
DS572335	563	598	12	0	6	0
DS572461	706	794	105	0	23	0
DS572467	721	778	4	0	9	0
DS572543	521	562	1	0	3	0
DS572543	710	760	99	0	59	0
DS572543	928	971	50	0	25	0
DS572585	299	415	119	0	160	0
DS572585	459	485	6	0	6	0
DS572599	499	567	2	0	2	0
DS572599	502	567	2	0	2	0
DS572620	148	432	34	0	34	0
DS572620	250	273	71	0	112	0
DS572620	274	306	7	0	11	0
EH4254	611	675	12	0	1	0
EH4254	2179	2235	502	0	326	0
EH4259	89	151	18	0	44	0
EH4263	234	278	1	0	2	0
EH4264	184	242	33	0	14	0
