scaffold_number	intron_start	intron_end	orf_rep1_reads(u)	orf_rep1_reads(m)	orf_rep2_reads(u)	orf_rep2_reads(m)
DS571145	30560	30707	1	0	2	0
DS571145	96057	96106	1	0	1	0
DS571145	97375	97868	1	0	1	0
DS571145	123248	123325	3	0	1	0
DS571145	251195	251251	13	0	2	0
DS571145	279258	279307	2	0	1	0
DS571145	313305	313347	1	0	2	0
DS571145	313907	313975	1	0	1	0
DS571145	333174	333217	3	0	1	0
DS571145	346729	346791	6	0	4	0
DS571145	383245	383317	1	0	2	0
DS571145	389512	389600	1	0	1	0
DS571145	462212	462292	1	0	4	0
DS571145	490137	490185	4	0	3	0
DS571146	6449	6505	1	0	3	0
DS571146	17356	17404	2	0	1	0
DS571146	36883	36964	3	0	1	0
DS571146	51910	52095	4	0	1	0
DS571146	52904	52989	1	0	2	0
DS571146	68438	68572	13	0	2	0
DS571146	71525	71592	2	0	1	0
DS571146	125954	125998	1	0	5	0
DS571146	154811	154878	8	0	5	0
DS571146	154823	154878	5	0	3	0
DS571146	170620	170678	5	0	5	0
DS571146	198867	198912	1	0	1	0
DS571147	28891	29012	2	0	1	0
DS571147	86741	86837	5	0	5	0
DS571147	117625	117673	1	0	1	0
DS571147	180276	180328	1	0	1	0
DS571148	85903	85966	3	0	4	0
DS571148	106567	106614	1	0	2	0
DS571148	130200	130260	1	0	1	0
DS571149	43199	43253	1	0	1	0
DS571149	125962	126058	1	0	1	0
DS571149	125962	126256	2	0	1	0
DS571149	141686	141778	1	0	1	0
DS571150	51785	51917	1	0	1	0
DS571150	148287	148354	10	0	2	0
DS571151	6218	6269	1	0	1	0
DS571151	6223	6355	1	0	1	0
DS571151	51628	51695	3	0	8	0
DS571151	53261	53311	1	0	1	0
DS571151	110814	111220	1	0	1	0
DS571151	110966	111220	1	0	1	0
DS571151	141189	141572	2	0	3	0
DS571151	141595	141639	1	0	2	0
DS571151	141810	141881	3	0	1	0
DS571151	141927	142181	1	0	1	0
DS571151	142182	142301	3	0	1	0
DS571151	142193	142301	2	0	1	0
DS571151	142215	142235	4	0	2	0
DS571151	142293	142412	1	0	2	0
DS571151	142510	142533	1	0	2	0
DS571152	35396	35451	1	0	2	0
DS571152	46989	47036	3	0	3	0
DS571152	54733	54781	2	0	1	0
DS571153	41019	41090	2	0	2	0
DS571153	41145	41216	2	0	1	0
DS571153	45567	45644	1	0	1	0
DS571154	18078	18145	1	0	1	0
DS571154	36191	36242	1	0	2	0
DS571154	120086	120136	1	0	3	0
DS571155	2818	2950	2	0	1	0
DS571155	22297	22393	2	0	2	0
DS571155	115365	115414	2	0	4	0
DS571155	128620	128673	1	0	1	0
DS571156	73026	73072	6	0	5	0
DS571156	109781	109861	2	0	2	0
DS571157	95615	95673	5	0	14	0
DS571157	116279	116324	1	0	2	0
DS571157	144787	144832	1	0	1	0
DS571158	24682	24741	5	0	3	0
DS571158	38251	38311	5	0	6	0
DS571158	93689	93741	6	0	10	0
DS571159	12455	12504	2	0	3	0
DS571159	19831	19878	5	0	7	0
DS571159	78519	78650	2	0	1	0
DS571160	26852	26952	1	0	1	0
DS571160	88084	88145	1	0	1	0
DS571160	138728	138775	1	0	1	0
DS571161	24201	24256	2	0	3	0
DS571161	68462	68513	3	0	10	0
DS571161	100108	100197	3	0	3	0
DS571161	113821	113871	3	0	2	0
DS571161	114397	114462	1	0	3	0
DS571162	63479	63547	3	0	3	0
DS571162	64686	64733	2	0	1	0
DS571162	122043	122111	2	0	3	0
DS571163	33775	33808	1	0	1	0
DS571163	42149	42254	1	0	1	0
DS571163	75386	75464	1	0	1	0
DS571163	107003	107097	2	0	1	0
DS571164	15734	15782	1	0	1	0
DS571164	103788	103902	7	0	3	0
DS571165	1166	1215	1	0	1	0
DS571165	2735	2896	3	0	3	0
DS571165	2852	2917	1	0	2	0
DS571165	23119	23200	2	0	3	0
DS571165	31218	31453	2	0	1	0
DS571165	121742	121797	2	0	4	0
DS571166	31123	31174	3	0	1	0
DS571166	92936	93115	3	0	1	0
DS571166	100160	100428	3	0	2	0
DS571166	101926	101971	3	0	1	0
DS571167	16579	16643	1	0	1	0
DS571167	19220	19274	1	0	2	0
DS571167	44665	44724	9	0	12	0
DS571167	54171	54230	2	0	2	0
DS571167	57325	57344	2	0	2	0
DS571167	109006	109065	3	0	2	0
DS571168	12100	12176	1	0	5	0
DS571168	64730	64775	12	0	3	0
DS571168	65854	65927	1	0	1	0
DS571168	92585	92639	1	0	3	0
DS571168	92585	92879	1	0	2	0
DS571168	92600	92667	3	0	1	0
DS571169	50250	50327	1	0	1	0
DS571169	68312	68370	5	0	1	0
DS571169	68508	68709	2	0	2	0
DS571169	73626	73817	1	0	2	0
DS571169	74183	74224	1	0	3	0
DS571169	90869	90929	1	0	1	0
DS571169	106603	106675	2	0	1	0
DS571170	19916	19971	2	0	5	0
DS571170	32037	32097	3	0	4	0
DS571170	55708	55768	3	0	2	0
DS571170	97224	97250	1	0	1	0
DS571170	105137	105226	1	0	1	0
DS571171	48062	48118	1	0	1	0
DS571172	6367	6494	1	0	1	0
DS571172	9572	9595	1	0	1	0
DS571172	17123	17182	4	0	1	0
DS571172	80526	80594	1	0	6	0
DS571172	105981	106002	8	0	6	0
DS571173	16045	16169	1	0	1	0
DS571173	16045	16194	1	0	3	0
DS571173	44015	44156	2	0	1	0
DS571173	44389	44449	2	0	3	0
DS571173	44401	44449	1	0	1	0
DS571174	26377	26448	6	0	2	0
DS571174	48424	48501	2	0	1	0
DS571174	97030	97076	1	0	1	0
DS571175	39353	39438	2	0	1	0
DS571175	42199	42259	4	0	2	0
DS571175	48990	49098	1	0	1	0
DS571175	58606	58676	1	0	1	0
DS571176	36055	36127	1	0	1	0
DS571176	40587	40639	1	0	1	0
DS571177	23970	24024	1	0	2	0
DS571177	86267	86324	4	0	2	0
DS571178	11612	12066	67	0	101	0
DS571178	11709	11737	1	0	1	0
DS571178	67924	68086	1	0	1	0
DS571178	88453	88555	1	0	1	0
DS571179	79566	79633	1	0	2	0
DS571179	85908	85967	1	0	1	0
DS571180	52751	52819	1	0	1	0
DS571180	91656	91711	1	0	2	0
DS571181	15256	15301	1	0	2	0
DS571183	9135	9210	3	0	1	0
DS571183	31316	31399	5	0	11	0
DS571184	38951	39011	5	0	10	0
DS571185	63488	63555	5	0	3	0
DS571186	10002	10057	2	0	1	0
DS571187	18780	18872	3	0	3	0
DS571188	55827	55923	1	0	2	0
DS571189	31824	31863	2	0	1	0
DS571189	53721	53797	3	0	4	0
DS571189	57774	57916	1	0	3	0
DS571189	57862	57916	3	0	4	0
DS571190	36603	36656	1	0	2	0
DS571190	70024	70081	22	0	9	0
DS571190	74926	74971	1	0	1	0
DS571191	38609	38680	2	0	5	0
DS571191	43747	43828	1	0	5	0
DS571192	6628	6678	1	0	2	0
DS571192	72027	72099	2	0	1	0
DS571195	14688	14730	2	0	3	0
DS571195	17657	17714	1	0	1	0
DS571195	33550	33606	1	0	1	0
DS571196	58551	58603	1	0	3	0
DS571200	48833	48860	1	0	1	0
DS571200	48887	48914	2	0	1	0
DS571200	51865	51921	2	0	1	0
DS571201	24918	24962	1	0	1	0
DS571201	43980	44030	1	0	1	0
DS571202	30874	30927	2	0	1	0
DS571203	16128	16182	2	0	4	0
DS571203	16128	16211	4	0	5	0
DS571203	49268	49319	1	0	1	0
DS571203	54808	54907	1	0	2	0
DS571203	56368	56426	2	0	1	0
DS571204	21073	21123	1	0	1	0
DS571204	30169	30238	8	0	6	0
DS571204	46317	46369	1	0	1	0
DS571205	17922	17987	5	0	2	0
DS571206	19883	19991	1	0	1	0
DS571206	29456	29927	1	0	1	0
DS571206	34289	34335	2	0	1	0
DS571207	13685	13733	1	0	1	0
DS571209	22836	22911	3	0	2	0
DS571209	43476	43567	8	0	2	0
DS571211	61033	61111	2	0	3	0
DS571212	48714	48807	1	0	1	0
DS571212	55063	55109	4	0	2	0
DS571213	30237	30291	1	0	6	0
DS571213	33411	33484	1	0	2	0
DS571214	42783	42854	1	0	1	0
DS571214	44316	44363	3	0	2	0
DS571214	44388	44435	1	0	1	0
DS571214	44436	44627	5	0	11	0
DS571214	44460	44531	5	0	12	0
DS571214	44484	44531	2	0	6	0
DS571214	44532	44555	2	0	2	0
DS571214	44532	44579	14	0	4	0
DS571214	44532	44627	1	0	2	0
DS571215	13054	13120	6	0	16	0
DS571215	13054	13157	2	0	1	0
DS571215	59225	59296	2	0	3	0
DS571216	43327	43376	3	0	3	0
DS571217	18024	18076	3	0	3	0
DS571218	56448	56518	1	0	1	0
DS571219	42127	42172	1	0	2	0
DS571220	46087	46130	3	0	1	0
DS571222	40731	40808	1	0	4	0
DS571222	53317	53416	2	0	1	0
DS571223	6434	6495	2	0	6	0
DS571223	6434	6563	1	0	2	0
DS571223	16816	16871	1	0	3	0
DS571223	16816	16874	1	0	1	0
DS571223	30432	30477	2	0	1	0
DS571224	17087	17135	1	0	4	0
DS571224	17497	17544	2	0	1	0
DS571224	19864	19909	5	0	1	0
DS571225	16570	16642	2	0	1	0
DS571226	27440	27559	1	0	1	0
DS571226	27467	27563	5	0	1	0
DS571227	13001	13078	3	0	1	0
DS571227	53187	54006	10	0	4	0
DS571227	53495	53613	1	0	1	0
DS571227	54108	54249	9	0	4	0
DS571228	35118	35138	4	0	1	0
DS571228	38377	38449	1	0	1	0
DS571229	24895	24955	2	0	1	0
DS571231	18402	18517	1	0	2	0
DS571231	33376	33423	3	0	3	0
DS571231	33869	33970	2	0	2	0
DS571231	33971	34024	2	0	1	0
DS571232	54280	54339	1	0	1	0
DS571233	23001	23062	3	0	1	0
DS571233	33471	33528	2	0	3	0
DS571233	36325	36381	1	0	1	0
DS571233	41043	41117	8	0	9	0
DS571234	33322	33366	1	0	3	0
DS571234	48440	48501	2	0	3	0
DS571235	6350	6447	1	0	2	0
DS571237	12047	12100	2	0	3	0
DS571238	10021	10067	8	0	1	0
DS571238	43562	43618	3	0	3	0
DS571239	2570	2637	2	0	2	0
DS571239	49006	49067	1	0	1	0
DS571240	26297	26348	3	0	3	0
DS571241	7696	7935	1	0	1	0
DS571241	7747	7828	15	0	12	0
DS571242	13799	13883	3	0	1	0
DS571242	37998	38041	2	0	2	0
DS571243	8658	8748	4	0	2	0
DS571243	9889	9966	1	0	1	0
DS571245	36245	36410	4	0	3	0
DS571246	32010	32036	1	0	3	0
DS571247	12546	12657	2	0	1	0
DS571247	24239	24285	6	0	7	0
DS571247	24239	24312	2	0	1	0
DS571248	31160	31242	4	0	6	0
DS571248	31191	31242	11	0	7	0
DS571249	48318	48387	8	0	8	0
DS571251	9573	9727	1	0	1	0
DS571251	34314	34389	2	0	1	0
DS571252	27647	27743	1	0	2	0
DS571252	27653	27743	1	0	1	0
DS571252	35712	36072	2	0	2	0
DS571252	36155	36197	4	0	6	0
DS571253	39350	39398	4	0	1	0
DS571253	48747	48797	2	0	1	0
DS571254	32410	32458	5	0	2	0
DS571256	32964	32990	1	0	4	0
DS571257	22678	22725	1	0	2	0
DS571257	23759	23788	4	0	1	0
DS571257	24381	24428	1	0	1	0
DS571257	24428	24455	1	0	1	0
DS571261	22417	22488	4	0	1	0
DS571265	31080	31229	1	0	1	0
DS571265	31701	31775	1	0	1	0
DS571267	35792	36271	1	0	2	0
DS571268	14027	14081	4	0	9	0
DS571268	25081	25228	1	0	1	0
DS571270	31567	31617	3	0	1	0
DS571271	34620	34689	3	0	1	0
DS571271	41430	41495	1	0	3	0
DS571272	19131	19186	1	0	1	0
DS571272	43730	43803	1	0	1	0
DS571275	13051	13142	2	0	2	0
DS571276	35244	35324	7	0	1	0
DS571277	38786	38891	1	0	1	0
DS571278	30017	30095	1	0	3	0
DS571279	24492	24547	4	0	2	0
DS571279	24492	24552	3	0	8	0
DS571280	15419	15553	1	0	1	0
DS571281	26063	26112	2	0	1	0
DS571283	14955	15036	2	0	1	0
DS571284	31687	31763	2	0	2	0
DS571285	9849	9932	1	0	7	0
DS571285	18194	18272	4	0	3	0
DS571286	12380	12529	1	0	2	0
DS571287	29482	29526	2	0	2	0
DS571287	30216	30274	3	0	2	0
DS571287	32445	32494	3	0	2	0
DS571288	18057	18261	5	0	1	0
DS571291	3787	3838	2	0	4	0
DS571292	17223	17280	3	0	1	0
DS571293	18841	18900	1	0	1	0
DS571294	4507	4594	1	0	2	0
DS571294	16520	16605	1	0	1	0
DS571295	23462	23514	1	0	1	0
DS571296	4782	4836	2	0	1	0
DS571303	17777	17828	1	0	1	0
DS571304	16883	16926	1	0	2	0
DS571304	25409	25489	3	0	2	0
DS571305	9396	9463	2	0	1	0
DS571306	15136	15196	4	0	1	0
DS571307	4619	4692	3	0	9	0
DS571309	27275	27328	1	0	2	0
DS571312	9529	9580	3	0	1	0
DS571313	26983	27210	1	0	1	0
DS571315	21104	21147	1	0	2	0
DS571316	5569	5639	1	0	1	0
DS571316	32808	32870	3	0	4	0
DS571317	8469	8519	2	0	1	0
DS571322	11444	11491	1	0	1	0
DS571323	18055	18110	2	0	1	0
DS571323	27749	27856	7	0	2	0
DS571329	7857	7946	1	0	1	0
DS571331	6491	6551	2	0	2	0
DS571338	9003	9134	1	0	1	0
DS571341	18868	18917	3	0	2	0
DS571343	1542	1598	2	0	1	0
DS571346	8070	8128	1	0	1	0
DS571346	11554	11640	1	0	1	0
DS571347	17832	17934	1	0	1	0
DS571353	10460	10511	5	0	1	0
DS571353	15980	16035	2	0	1	0
DS571355	9477	9530	3	0	4	0
DS571356	9947	10007	1	0	1	0
DS571357	5327	5374	4	0	3	0
DS571358	18860	18905	2	0	1	0
DS571361	10777	10883	2	0	2	0
DS571361	12105	12408	1	0	1	0
DS571361	12662	12989	1	0	1	0
DS571362	2246	2298	11	0	6	0
DS571368	14115	14165	2	0	1	0
DS571368	18970	19021	2	0	1	0
DS571370	15154	15206	3	0	2	0
DS571373	5457	5522	3	0	4	0
DS571373	7794	7836	3	0	4	0
DS571376	6511	6575	2	0	2	0
DS571379	7925	7954	1	0	6	0
DS571379	8606	8709	2	0	2	0
DS571380	888	1031	3	0	4	0
DS571380	919	966	3	0	3	0
DS571380	3613	3672	1	0	1	0
DS571381	1889	1934	1	0	1	0
DS571381	3568	3624	1	0	2	0
DS571381	7723	7781	1	0	1	0
DS571382	9865	9941	6	0	5	0
DS571382	22069	22113	2	0	2	0
DS571383	19266	19313	2	0	3	0
DS571384	2332	2379	1	0	1	0
DS571384	9914	10083	1	0	1	0
DS571386	11047	11093	3	0	1	0
DS571387	5268	5342	1	0	3	0
DS571387	10918	10980	3	0	4	0
DS571387	19391	19444	4	0	1	0
DS571388	9967	10053	2	0	2	0
DS571389	5249	5431	1	0	1	0
DS571393	10511	10583	11	0	5	0
DS571394	16565	16627	1	0	1	0
DS571397	9975	10059	2	0	2	0
DS571397	10017	10059	2	0	1	0
DS571397	17858	18038	2	0	1	0
DS571398	4833	4880	2	0	3	0
DS571399	9641	9681	1	0	1	0
DS571405	16188	16241	1	0	2	0
DS571410	9429	9482	2	0	1	0
DS571418	10225	10266	1	0	1	0
DS571426	16253	16304	2	0	2	0
DS571429	11590	11654	1	0	1	0
DS571430	16035	16095	4	0	2	0
DS571431	16807	16851	1	0	3	0
DS571432	6530	6624	3	0	3	0
DS571432	6571	6624	7	0	8	0
DS571432	8156	8239	3	0	1	0
DS571436	11691	11740	4	0	2	0
DS571438	4755	4907	2	0	1	0
DS571452	6486	6540	5	0	1	0
DS571453	6829	6887	3	0	3	0
DS571453	12033	12080	2	0	1	0
DS571466	13007	13069	10	0	2	0
DS571471	1963	2056	2	0	2	0
DS571480	14884	14989	30	0	32	0
DS571482	11056	11109	3	0	1	0
DS571487	3630	3689	4	0	6	0
DS571489	6779	6912	1	0	1	0
DS571493	3649	3705	10	0	4	0
DS571493	10239	10296	1	0	2	0
DS571497	10614	10896	1	0	1	0
DS571497	11372	11423	8	0	3	0
DS571503	3023	3092	1	0	1	0
DS571506	1446	1513	2	0	1	0
DS571508	10702	10787	5	0	6	0
DS571522	4960	5011	4	0	4	0
DS571525	7777	7825	11	0	11	0
DS571528	7280	7403	2	0	1	0
DS571547	7115	7169	1	0	1	0
DS571561	9605	9681	1	0	1	0
DS571561	9735	9839	2	0	2	0
DS571602	8221	8282	1	0	4	0
DS571605	3970	4055	2	0	1	0
DS571605	3986	4034	1	0	2	0
DS571607	1295	1449	3	0	2	0
DS571623	4164	4214	3	0	2	0
DS571655	6281	6331	1	0	1	0
DS571661	1319	1366	5	0	6	0
DS571661	1428	1451	5	0	2	0
DS571676	2927	3009	1	0	1	0
DS571678	567	652	1	0	2	0
DS571700	3644	3748	1	0	2	0
DS571705	245	298	1	0	4	0
DS571748	671	750	1	0	1	0
DS571785	1455	1505	23	0	14	0
DS571795	1181	1302	2	0	1	0
DS571795	1981	2024	11	0	11	0
DS571866	1482	1558	2	0	1	0
DS571976	1366	1449	8	0	4	0
DS571976	1438	1545	8	0	5	0
DS571976	1498	1521	1	0	1	0
DS572002	1933	1952	4	0	8	0
DS572012	902	961	4	0	8	0
DS572165	1502	1544	1	0	1	0
DS572543	521	562	1	0	3	0
DS572585	299	415	119	0	160	0
DS572585	459	485	6	0	6	0
DS572620	148	432	34	0	34	0
DS572620	274	306	7	0	11	0
