scaffold_number	intron_start	intron_end	toc_rep1_reads(u)	toc_rep1_reads(m)	toc_rep2_reads(u)	toc_rep2_reads(m)
DS571145	9962	10052	27	0	31	0
DS571145	13994	14048	4	0	4	0
DS571145	23459	23515	19	0	24	0
DS571145	23807	23863	5	0	1	0
DS571145	32852	32900	1	0	2	0
DS571145	34069	34112	35	0	39	0
DS571145	34583	34633	50	0	50	0
DS571145	49242	49288	6	0	5	0
DS571145	62014	62082	6	0	4	0
DS571145	68835	68886	128	0	149	0
DS571145	69498	69562	4	0	5	0
DS571145	71619	71680	5	0	4	0
DS571145	71896	71953	23	0	13	0
DS571145	73101	73163	48	0	48	0
DS571145	76637	76684	5	0	3	0
DS571145	87005	87055	57	0	79	0
DS571145	96497	96550	6	0	3	0
DS571145	98902	98952	23	0	33	0
DS571145	107720	107770	512	0	919	0
DS571145	119994	120041	38	0	30	0
DS571145	121813	121863	45	0	50	0
DS571145	123248	123303	8	0	33	0
DS571145	128135	128186	20	0	29	0
DS571145	128410	128457	21	0	26	0
DS571145	130123	130182	28	0	28	0
DS571145	131307	131353	6	0	10	0
DS571145	136138	136198	6	0	4	0
DS571145	136562	136613	4	0	8	0
DS571145	136903	137340	14	0	14	0
DS571145	147298	147361	5	0	3	0
DS571145	154993	155043	29	0	24	0
DS571145	155422	155483	3	0	2	0
DS571145	155698	155763	4	0	3	0
DS571145	161734	161815	3	0	1	0
DS571145	179706	179755	7	0	1	0
DS571145	199365	199422	18	0	25	0
DS571145	204589	204651	3	0	1	0
DS571145	205626	205674	6	0	6	0
DS571145	212469	212519	11	0	18	0
DS571145	220421	220471	26	0	32	0
DS571145	224178	224225	15	0	34	0
DS571145	227484	227544	8	0	12	0
DS571145	231517	231622	19	0	34	0
DS571145	251201	251251	10	0	11	0
DS571145	251635	251695	39	0	21	0
DS571145	252297	252364	77	0	76	0
DS571145	265439	265491	25	0	32	0
DS571145	279258	279395	460	0	452	0
DS571145	280643	280714	3	0	2	0
DS571145	284674	284735	36	0	74	0
DS571145	293698	293748	11	0	10	0
DS571145	298372	298419	24	0	16	0
DS571145	299313	299367	27	0	48	0
DS571145	312213	312271	4	0	11	0
DS571145	313305	313358	150	0	215	0
DS571145	313907	313954	66	0	76	0
DS571145	316968	317019	62	0	54	0
DS571145	321329	321404	574	0	743	0
DS571145	323896	323948	50	0	59	0
DS571145	324658	324701	41	0	60	0
DS571145	328049	328099	182	0	258	0
DS571145	328422	328475	64	0	74	0
DS571145	328788	328842	40	0	50	0
DS571145	332476	332578	6	0	3	0
DS571145	333368	333427	4	0	1	0
DS571145	333732	333778	8	0	4	0
DS571145	333951	333997	11	0	3	0
DS571145	335521	335574	4	0	3	0
DS571145	342264	342316	10	0	3	0
DS571145	342520	342610	7	0	3	0
DS571145	342700	342761	5	0	6	0
DS571145	348095	348156	21	0	31	0
DS571145	348286	348345	22	0	23	0
DS571145	359932	359978	104	0	115	0
DS571145	363786	363837	34	0	42	0
DS571145	369691	369741	23	0	36	0
DS571145	382950	383032	271	0	355	0
DS571145	389184	389249	31	0	35	0
DS571145	396427	396489	9	0	14	0
DS571145	404666	404712	529	0	867	0
DS571145	404808	404865	532	0	892	0
DS571145	409904	409963	2	0	1	0
DS571145	410653	410709	19	0	13	0
DS571145	415287	415341	33	0	51	0
DS571145	417120	417174	13	0	17	0
DS571145	417321	417374	14	0	10	0
DS571145	417792	417848	9	0	9	0
DS571145	418504	418555	82	0	88	0
DS571145	420868	420912	106	0	115	0
DS571145	425736	425782	6	0	5	0
DS571145	425914	425960	11	0	9	0
DS571145	437057	437122	34	0	31	0
DS571145	437990	438037	29	0	33	0
DS571145	452425	452475	578	0	702	0
DS571145	462097	462145	17	0	34	0
DS571145	465766	465927	155	0	183	0
DS571145	480589	480637	17	0	35	0
DS571145	484211	484364	16	0	19	0
DS571145	484211	484407	4	0	4	0
DS571145	484315	484364	4	0	3	0
DS571145	487056	487103	72	0	81	0
DS571145	488190	488251	1	0	6	0
DS571145	490123	490185	49	0	53	0
DS571145	495285	495334	3	0	2	0
DS571145	496222	496274	53	0	51	0
DS571145	496569	496619	47	0	39	0
DS571145	517035	517092	24	0	22	0
DS571146	7083	7129	38	0	43	0
DS571146	7261	7303	41	0	46	0
DS571146	7489	7540	3	0	2	0
DS571146	12768	12817	168	0	207	0
DS571146	17360	17404	25	0	16	0
DS571146	28771	28828	155	0	184	0
DS571146	29234	29283	222	0	254	0
DS571146	29447	29501	189	0	312	0
DS571146	34794	34856	58	0	58	0
DS571146	36655	36803	144	0	146	0
DS571146	36888	36964	128	0	183	0
DS571146	38491	38553	60	0	84	0
DS571146	45236	45285	8	0	4	0
DS571146	46385	46447	42	0	56	0
DS571146	51081	51170	9	0	14	0
DS571146	52040	52095	2	0	1	0
DS571146	54579	54635	1	0	1	0
DS571146	59147	59206	89	0	103	0
DS571146	63029	63072	116	0	163	0
DS571146	64639	64683	26	0	27	0
DS571146	67039	67089	20	0	19	0
DS571146	67042	67089	3	0	1	0
DS571146	67906	67958	15	0	9	0
DS571146	69585	69649	68	0	79	0
DS571146	73148	73199	7	0	12	0
DS571146	83521	83579	1	0	1	0
DS571146	85649	85721	590	0	773	0
DS571146	85742	85835	1	0	1	0
DS571146	91843	91897	14	0	30	0
DS571146	92207	92262	20	0	21	0
DS571146	108722	108768	22	0	31	0
DS571146	111630	111742	2	0	1	0
DS571146	116522	116594	19	0	24	0
DS571146	125008	125053	14	0	15	0
DS571146	128098	128140	1	0	5	0
DS571146	136882	136926	6	0	9	0
DS571146	139493	139551	19	0	17	0
DS571146	139609	139716	20	0	19	0
DS571146	139775	139959	20	0	14	0
DS571146	143243	143307	42	0	30	0
DS571146	143412	143474	14	0	21	0
DS571146	155168	155225	71	0	115	0
DS571146	170605	170693	2	0	2	0
DS571146	180451	180502	148	0	184	0
DS571146	184294	184360	31	0	28	0
DS571146	185032	185119	21	0	15	0
DS571146	188686	188729	24	0	20	0
DS571146	189080	189138	20	0	19	0
DS571146	198612	198684	1	0	1	0
DS571146	198853	198912	10	0	20	0
DS571146	201723	201914	111	0	160	0
DS571146	202298	202397	14	0	43	0
DS571146	202997	203043	37	0	54	0
DS571146	203102	203155	29	0	36	0
DS571147	4035	4084	89	0	118	0
DS571147	4760	4805	143	0	165	0
DS571147	4877	4925	2	0	2	0
DS571147	4880	4925	40	0	52	0
DS571147	7585	7635	23	0	20	0
DS571147	14371	14454	20	0	18	0
DS571147	17611	17669	20	0	27	0
DS571147	19842	19896	22	0	22	0
DS571147	21888	21936	144	0	157	0
DS571147	21888	21959	1	0	2	0
DS571147	28891	28949	4	0	1	0
DS571147	29946	29994	14	0	7	0
DS571147	30058	30126	17	0	8	0
DS571147	30644	30690	4	0	6	0
DS571147	31425	31476	14	0	11	0
DS571147	31425	31504	2	0	1	0
DS571147	44336	44389	14	0	23	0
DS571147	49686	49757	50	0	50	0
DS571147	58796	58892	11	0	13	0
DS571147	63934	63986	47	0	75	0
DS571147	80456	80504	1	0	1	0
DS571147	80458	80504	202	0	218	0
DS571147	80458	80638	1	0	3	0
DS571147	80590	80638	355	0	385	0
DS571147	94465	94523	12	0	8	0
DS571147	100822	100872	20	0	21	0
DS571147	109095	109138	49	0	31	0
DS571147	109307	109365	42	0	31	0
DS571147	109953	110001	64	0	61	0
DS571147	110497	110546	1	0	3	0
DS571147	114033	114099	11	0	11	0
DS571147	114220	114278	7	0	14	0
DS571147	117625	117690	15	0	36	0
DS571147	120193	120386	106	0	127	0
DS571147	128913	129055	347	0	401	0
DS571147	129550	129594	86	0	124	0
DS571147	135510	135570	16	0	30	0
DS571147	135730	135782	8	0	14	0
DS571147	143134	143177	8	0	11	0
DS571147	154195	154242	43	0	85	0
DS571147	158993	159050	8	0	12	0
DS571147	164460	164502	35	0	29	0
DS571147	166700	166759	10	0	11	0
DS571147	166718	166759	2	0	2	0
DS571147	180276	180324	1	0	1	0
DS571147	180276	180332	9	0	14	0
DS571148	2702	2758	31	0	33	0
DS571148	26006	26054	32	0	27	0
DS571148	28304	28360	45	0	35	0
DS571148	31964	32021	53	0	53	0
DS571148	32123	32177	64	0	60	0
DS571148	36600	36657	6	0	2	0
DS571148	40883	40928	111	0	143	0
DS571148	41963	42012	59	0	72	0
DS571148	45064	45140	4	0	8	0
DS571148	55312	55360	49	0	108	0
DS571148	56835	56941	82	0	98	0
DS571148	60689	60735	11	0	7	0
DS571148	63903	63960	17	0	9	0
DS571148	67058	67146	76	0	65	0
DS571148	76349	76405	1	0	1	0
DS571148	105139	105209	45	0	51	0
DS571148	106438	106614	61	0	63	0
DS571148	108374	108439	4	0	3	0
DS571148	124585	124641	12	0	6	0
DS571148	124921	124998	10	0	8	0
DS571148	126127	126238	72	0	102	0
DS571148	126127	126265	1	0	3	0
DS571148	127527	127571	150	0	195	0
DS571148	128019	128087	174	0	223	0
DS571148	128325	128368	12	0	6	0
DS571148	132687	132766	16	0	11	0
DS571148	149949	150016	23	0	48	0
DS571148	158150	158199	2	0	4	0
DS571148	160781	160826	1	0	3	0
DS571148	167937	167992	2	0	6	0
DS571148	171679	171722	709	0	913	0
DS571149	6752	6833	250	0	314	0
DS571149	28143	28233	49	0	23	0
DS571149	28308	28355	60	0	40	0
DS571149	33571	33626	12	0	13	0
DS571149	42856	42900	31	0	19	0
DS571149	43199	43245	27	0	19	0
DS571149	43199	43341	38	0	40	0
DS571149	43294	43341	2	0	4	0
DS571149	66976	67023	70	0	111	0
DS571149	68336	68446	27	0	24	0
DS571149	72142	72190	129	0	127	0
DS571149	92453	92521	59	0	54	0
DS571149	93799	93865	1	0	3	0
DS571149	107974	108048	17	0	15	0
DS571149	109743	109800	53	0	62	0
DS571149	126211	126253	22	0	16	0
DS571149	126502	126553	49	0	57	0
DS571149	134899	134956	48	0	67	0
DS571149	139266	139320	11	0	15	0
DS571149	139708	139756	29	0	46	0
DS571149	141711	141778	2	0	7	0
DS571149	141724	141778	2	0	2	0
DS571149	147067	147119	1	0	2	0
DS571149	154860	154921	38	0	45	0
DS571149	155225	155277	39	0	55	0
DS571149	155578	155636	39	0	62	0
DS571149	155724	155845	1	0	3	0
DS571149	155733	155790	42	0	58	0
DS571149	162147	162194	8	0	13	0
DS571149	162725	162778	7	0	14	0
DS571149	162849	162900	9	0	7	0
DS571149	168458	168511	46	0	80	0
DS571149	182680	182731	8	0	9	0
DS571150	6705	6753	2	0	6	0
DS571150	12861	12917	101	0	121	0
DS571150	13002	13066	79	0	100	0
DS571150	13212	13267	84	0	77	0
DS571150	20635	20681	29	0	46	0
DS571150	24545	24597	45	0	66	0
DS571150	24545	24624	1	0	1	0
DS571150	31685	31760	14	0	14	0
DS571150	46550	46592	3	0	3	0
DS571150	50928	50976	48	0	60	0
DS571150	53210	53259	34	0	31	0
DS571150	54616	54680	5	0	9	0
DS571150	62669	62739	2	0	5	0
DS571150	65282	65330	5	0	3	0
DS571150	67500	67589	134	0	157	0
DS571150	68024	68078	31	0	36	0
DS571150	78705	78762	2	0	1	0
DS571150	78714	78762	1	0	1	0
DS571150	84207	84256	124	0	136	0
DS571150	84317	84365	395	0	536	0
DS571150	95849	95953	17	0	25	0
DS571150	96755	96832	16	0	13	0
DS571150	100381	100431	31	0	49	0
DS571150	104317	104363	14	0	12	0
DS571150	115056	115104	57	0	27	0
DS571150	119220	119271	14	0	14	0
DS571150	119470	119521	10	0	5	0
DS571150	119470	119528	1	0	2	0
DS571150	128738	128802	1	0	1	0
DS571150	128738	128823	519	0	843	0
DS571150	145873	145892	1	0	2	0
DS571150	150163	150217	335	0	465	0
DS571150	150594	150651	93	0	97	0
DS571150	151552	151615	2	0	2	0
DS571150	156779	156824	44	0	48	0
DS571150	158902	158962	27	0	42	0
DS571150	161548	161602	3	0	1	0
DS571151	5633	5716	18	0	23	0
DS571151	6218	6328	1	0	2	0
DS571151	6218	6344	86	0	116	0
DS571151	9819	9893	1	0	1	0
DS571151	29795	29860	9	0	10	0
DS571151	29925	30004	8	0	9	0
DS571151	51638	51695	389	0	606	0
DS571151	53261	53303	16	0	18	0
DS571151	53261	53325	242	0	321	0
DS571151	53746	53811	56	0	67	0
DS571151	62185	62234	18	0	21	0
DS571151	72738	72785	18	0	13	0
DS571151	73256	73301	22	0	22	0
DS571151	73913	73964	185	0	274	0
DS571151	74076	74137	149	0	158	0
DS571151	89079	89281	5	0	4	0
DS571151	89451	89542	3	0	3	0
DS571151	94326	94387	13	0	12	0
DS571151	119288	119348	25	0	26	0
DS571151	131024	131075	10	0	8	0
DS571151	131354	131415	11	0	15	0
DS571151	142215	142301	5	0	1	0
DS571151	150514	150566	20	0	19	0
DS571151	152663	152759	40	0	45	0
DS571152	3954	4029	13	0	16	0
DS571152	4679	4753	33	0	29	0
DS571152	11235	11295	784	0	1021	0
DS571152	11235	11306	4	0	2	0
DS571152	12651	12710	1	0	1	0
DS571152	13133	13189	281	0	287	0
DS571152	14695	14741	84	0	110	0
DS571152	29116	29161	3	0	18	0
DS571152	31294	31350	34	0	45	0
DS571152	35396	35447	73	0	73	0
DS571152	52820	52877	4	0	5	0
DS571152	53274	53340	47	0	58	0
DS571152	57372	57434	49	0	53	0
DS571152	67021	67076	66	0	83	0
DS571152	68688	68736	2	0	2	0
DS571152	72176	72227	53	0	60	0
DS571152	72510	72562	37	0	20	0
DS571152	75090	75140	20	0	19	0
DS571152	82866	82922	129	0	133	0
DS571152	85240	85701	1	0	1	0
DS571152	102953	103017	6	0	2	0
DS571152	107257	107311	16	0	19	0
DS571152	127800	127873	41	0	50	0
DS571152	129381	129437	11	0	16	0
DS571152	130171	130239	4	0	9	0
DS571152	130900	130976	12	0	1	0
DS571152	134298	134347	4	0	5	0
DS571152	135346	135397	79	0	187	0
DS571152	148753	148799	97	0	138	0
DS571152	149196	149245	17	0	17	0
DS571152	152631	152740	122	0	114	0
DS571152	157518	157567	3	0	15	0
DS571153	24657	24714	3	0	4	0
DS571153	31901	31957	71	0	75	0
DS571153	33620	33686	149	0	159	0
DS571153	40539	40607	2	0	3	0
DS571153	41019	41162	2	0	2	0
DS571153	44724	44756	1	0	2	0
DS571153	52293	52345	71	0	108	0
DS571153	52755	52889	14	0	12	0
DS571153	53090	53160	22	0	16	0
DS571153	53605	53679	1	0	5	0
DS571153	72235	72260	1	0	1	0
DS571153	73407	73462	47	0	54	0
DS571153	77935	77986	12	0	16	0
DS571153	87373	87422	153	0	133	0
DS571153	87826	87870	11	0	7	0
DS571153	93924	93979	1	0	4	0
DS571153	94504	94562	1	0	1	0
DS571153	95457	95507	30	0	67	0
DS571153	108432	108496	9	0	17	0
DS571153	118777	118918	12	0	29	0
DS571153	125478	125527	13	0	19	0
DS571153	125478	125542	181	0	245	0
DS571153	130302	130355	9	0	6	0
DS571153	133712	133760	350	0	434	0
DS571153	135650	135694	1	0	1	0
DS571154	379	425	2	0	2	0
DS571154	479	525	2	0	2	0
DS571154	11264	11290	1	0	1	0
DS571154	20827	20962	39	0	53	0
DS571154	36506	36556	1	0	3	0
DS571154	56222	56273	31	0	37	0
DS571154	56333	56385	49	0	58	0
DS571154	56844	56896	25	0	34	0
DS571154	57881	57934	115	0	148	0
DS571154	62054	62107	95	0	106	0
DS571154	79510	79556	458	0	514	0
DS571154	82141	82191	2	0	4	0
DS571154	83621	83679	160	0	132	0
DS571154	83710	83761	144	0	126	0
DS571154	84089	84269	20	0	13	0
DS571154	102131	102188	2	0	4	0
DS571154	112674	112728	2	0	5	0
DS571154	122283	122329	9	0	12	0
DS571154	132380	132426	13	0	12	0
DS571154	151412	151476	4	0	9	0
DS571155	842	997	1	0	1	0
DS571155	8057	8133	1	0	1	0
DS571155	22297	22371	635	0	768	0
DS571155	22799	22854	245	0	332	0
DS571155	48241	48350	236	0	284	0
DS571155	54800	54908	25	0	35	0
DS571155	80106	80165	1	0	4	0
DS571155	80461	80511	1	0	1	0
DS571155	96980	97033	11	0	10	0
DS571155	107500	107552	47	0	41	0
DS571155	109032	109094	18	0	26	0
DS571155	109152	109278	19	0	28	0
DS571155	109503	109578	18	0	8	0
DS571155	109837	109888	9	0	16	0
DS571155	116120	116167	169	0	195	0
DS571155	127533	127589	58	0	55	0
DS571155	127682	127738	59	0	33	0
DS571155	127931	127975	75	0	115	0
DS571155	128620	128668	9	0	11	0
DS571155	131842	131891	10	0	9	0
DS571155	152407	152461	86	0	83	0
DS571155	153312	153363	3	0	9	0
DS571155	153499	153621	236	0	257	0
DS571156	10920	10980	26	0	29	0
DS571156	11587	11643	24	0	24	0
DS571156	11878	11933	27	0	21	0
DS571156	14969	15019	86	0	93	0
DS571156	20901	20944	1	0	3	0
DS571156	21354	21395	8	0	9	0
DS571156	21571	21626	1	0	3	0
DS571156	22436	22481	153	0	165	0
DS571156	32120	32169	4	0	2	0
DS571156	45498	45583	1	0	1	0
DS571156	50528	50577	144	0	156	0
DS571156	51017	51067	172	0	194	0
DS571156	57366	57409	12	0	9	0
DS571156	58715	58771	54	0	76	0
DS571156	62489	62540	24	0	39	0
DS571156	63068	63133	33	0	41	0
DS571156	89786	89836	143	0	171	0
DS571156	90642	90696	267	0	324	0
DS571156	94678	94769	125	0	167	0
DS571156	95138	95213	192	0	226	0
DS571156	95144	95213	2	0	5	0
DS571156	95897	96018	51	0	39	0
DS571156	99665	99717	28	0	36	0
DS571156	99819	99876	23	0	38	0
DS571156	101909	101967	56	0	84	0
DS571156	103355	103502	3	0	9	0
DS571156	103842	103899	6	0	11	0
DS571156	110368	110415	3	0	3	0
DS571156	116379	116453	4	0	6	0
DS571156	116928	116987	6	0	6	0
DS571156	123622	123670	24	0	37	0
DS571156	124318	124372	6	0	2	0
DS571156	148162	148208	28	0	26	0
DS571156	148341	148384	17	0	7	0
DS571156	148341	148391	3	0	4	0
DS571157	24926	24988	30	0	29	0
DS571157	25826	25884	6	0	13	0
DS571157	42546	42603	54	0	52	0
DS571157	53779	53835	50	0	42	0
DS571157	71186	71260	73	0	74	0
DS571157	81153	81206	12	0	8	0
DS571157	82160	82215	19	0	11	0
DS571157	85678	85730	8	0	1	0
DS571157	86976	87067	399	0	608	0
DS571157	93030	93091	8	0	4	0
DS571157	117078	117127	45	0	57	0
DS571157	117314	117360	48	0	51	0
DS571157	117436	117492	47	0	61	0
DS571157	120034	120096	2	0	2	0
DS571157	131017	131152	131	0	121	0
DS571157	132107	132173	6	0	7	0
DS571158	23752	23804	1	0	13	0
DS571158	32296	32354	6	0	4	0
DS571158	32482	32536	9	0	2	0
DS571158	33952	34015	1	0	2	0
DS571158	34143	34194	4	0	9	0
DS571158	34533	34590	1	0	1	0
DS571158	34538	34590	42	0	42	0
DS571158	34752	34795	76	0	158	0
DS571158	38714	38759	41	0	52	0
DS571158	40545	40721	3	0	3	0
DS571158	62253	62311	2	0	7	0
DS571158	81915	82047	48	0	63	0
DS571158	93220	93277	20	0	22	0
DS571158	94744	94787	114	0	151	0
DS571158	103582	103650	59	0	54	0
DS571158	103902	104068	182	0	210	0
DS571158	124599	124678	474	0	485	0
DS571158	140425	140471	56	0	61	0
DS571158	141298	141344	49	0	46	0
DS571159	8007	8090	6	0	6	0
DS571159	12428	12504	266	0	398	0
DS571159	25547	25627	1	0	2	0
DS571159	28142	28213	88	0	75	0
DS571159	28159	28213	4	0	1	0
DS571159	28424	28467	154	0	153	0
DS571159	28616	28756	10	0	2	0
DS571159	28623	28756	156	0	154	0
DS571159	29716	29769	2	0	3	0
DS571159	29716	29786	84	0	82	0
DS571159	31767	31854	66	0	66	0
DS571159	45849	45895	10	0	7	0
DS571159	46228	46273	33	0	59	0
DS571159	53022	53077	35	0	44	0
DS571159	53557	53637	16	0	29	0
DS571159	58754	58808	8	0	11	0
DS571159	65866	65912	77	0	91	0
DS571159	70183	70228	290	0	389	0
DS571159	72502	72550	90	0	118	0
DS571159	73264	73310	81	0	98	0
DS571159	82814	82853	1	0	3	0
DS571159	82834	82853	2	0	4	0
DS571159	100451	100503	75	0	71	0
DS571159	117321	117378	72	0	97	0
DS571159	118181	118297	123	0	138	0
DS571159	120156	120201	7	0	3	0
DS571159	129345	129395	39	0	41	0
DS571159	129707	129756	135	0	118	0
DS571160	9876	9937	6	0	5	0
DS571160	18225	18281	8	0	11	0
DS571160	23240	23298	11	0	9	0
DS571160	26852	26950	133	0	148	0
DS571160	27254	27306	66	0	57	0
DS571160	27663	27754	95	0	93	0
DS571160	33159	33206	38	0	35	0
DS571160	42813	42859	61	0	65	0
DS571160	45667	45709	9	0	8	0
DS571160	46515	46566	79	0	73	0
DS571160	47029	47077	37	0	36	0
DS571160	49362	49419	5	0	6	0
DS571160	51334	51390	12	0	17	0
DS571160	61041	61088	29	0	28	0
DS571160	61149	61203	45	0	40	0
DS571160	61710	61781	2	0	19	0
DS571160	61714	61781	1	0	1	0
DS571160	69454	69500	92	0	113	0
DS571160	70341	70387	6	0	1	0
DS571160	70441	70487	7	0	7	0
DS571160	76190	76732	4	0	4	0
DS571160	82502	82562	19	0	25	0
DS571160	83726	83786	43	0	54	0
DS571160	88196	88269	91	0	86	0
DS571160	107439	107484	49	0	55	0
DS571160	107439	107498	2	0	3	0
DS571160	110295	110354	10	0	18	0
DS571160	117627	118385	2	0	1	0
DS571160	125062	125108	33	0	24	0
DS571160	132972	133031	232	0	264	0
DS571160	135356	135402	78	0	76	0
DS571160	136562	136607	80	0	83	0
DS571160	137658	137717	56	0	67	0
DS571161	11132	11178	54	0	60	0
DS571161	16816	16882	103	0	95	0
DS571161	17322	17396	1	0	1	0
DS571161	24000	24048	1	0	1	0
DS571161	34847	34905	2	0	3	0
DS571161	36710	36763	2	0	3	0
DS571161	38192	38290	3	0	1	0
DS571161	45235	45288	1	0	5	0
DS571161	45346	45430	55	0	112	0
DS571161	61868	61936	75	0	110	0
DS571161	63913	64013	15	0	12	0
DS571161	73399	73450	23	0	18	0
DS571161	89566	89611	10	0	9	0
DS571161	91429	91540	323	0	429	0
DS571161	92773	92953	7	0	4	0
DS571161	92773	92964	30	0	38	0
DS571161	92879	92964	5	0	1	0
DS571161	100652	100708	15	0	17	0
DS571161	100798	100863	22	0	18	0
DS571161	108765	108826	61	0	57	0
DS571161	113810	113871	47	0	67	0
DS571161	114397	114508	1930	0	2216	0
DS571161	118583	118723	54	0	73	0
DS571161	118830	118897	49	0	67	0
DS571161	123520	123572	104	0	121	0
DS571162	5585	5639	13	0	7	0
DS571162	19999	20045	1	0	3	0
DS571162	25262	25313	108	0	85	0
DS571162	26881	26926	218	0	260	0
DS571162	27048	27097	359	0	435	0
DS571162	29442	29495	181	0	210	0
DS571162	30372	30423	16	0	18	0
DS571162	36641	36692	83	0	88	0
DS571162	36768	36821	106	0	144	0
DS571162	36960	37030	74	0	99	0
DS571162	38150	38200	52	0	71	0
DS571162	38668	38719	58	0	73	0
DS571162	41925	41970	8	0	13	0
DS571162	42252	42303	18	0	31	0
DS571162	42416	42469	21	0	27	0
DS571162	63489	63547	64	0	87	0
DS571162	64849	64898	12	0	11	0
DS571162	83614	83705	3	0	3	0
DS571162	83650	83705	11	0	7	0
DS571162	87222	87307	190	0	287	0
DS571162	91509	91593	1	0	2	0
DS571162	94403	94532	1	0	1	0
DS571162	106145	106204	4	0	5	0
DS571162	107250	107300	479	0	609	0
DS571162	107408	107461	354	0	439	0
DS571162	107799	107870	3	0	7	0
DS571162	108637	108685	18	0	18	0
DS571162	111752	111813	30	0	33	0
DS571162	117752	117808	124	0	108	0
DS571162	119414	119470	59	0	45	0
DS571162	120130	120207	26	0	20	0
DS571162	126946	126994	75	0	68	0
DS571163	7566	7644	18	0	31	0
DS571163	11084	11140	260	0	252	0
DS571163	16815	16908	160	0	139	0
DS571163	18498	18547	88	0	80	0
DS571163	30734	30783	8	0	9	0
DS571163	42149	42194	145	0	222	0
DS571163	55584	55639	18	0	17	0
DS571163	58164	58216	5	0	6	0
DS571163	59537	59589	16	0	17	0
DS571163	65073	65139	34	0	53	0
DS571163	67039	67111	10	0	2	0
DS571163	72722	72826	2	0	1	0
DS571163	97331	97449	8	0	11	0
DS571163	102390	102483	1	0	8	0
DS571163	114131	114171	5	0	7	0
DS571163	114236	114292	4	0	6	0
DS571163	116386	116524	1	0	1	0
DS571163	118937	119082	34	0	35	0
DS571164	9053	9115	4	0	2	0
DS571164	9065	9115	116	0	106	0
DS571164	10140	10301	2	0	4	0
DS571164	15716	15782	5	0	8	0
DS571164	16435	16492	9	0	4	0
DS571164	16870	16918	2	0	5	0
DS571164	21616	21671	18	0	28	0
DS571164	21725	21784	15	0	21	0
DS571164	22269	22324	11	0	19	0
DS571164	26254	26324	7	0	2	0
DS571164	27762	27807	5	0	3	0
DS571164	28014	28075	43	0	44	0
DS571164	41663	41713	8	0	13	0
DS571164	64358	64453	4	0	5	0
DS571164	64397	64453	1	0	2	0
DS571164	64415	64453	2	0	2	0
DS571164	64430	64468	1	0	2	0
DS571164	69192	69252	35	0	27	0
DS571164	69751	69798	188	0	307	0
DS571164	69751	69818	4	0	9	0
DS571164	72515	72571	22	0	20	0
DS571164	89057	89107	106	0	101	0
DS571164	89184	89255	140	0	135	0
DS571164	92777	92880	23	0	24	0
DS571164	92780	92880	1	0	1	0
DS571164	104732	104781	4	0	5	0
DS571164	104732	104845	148	0	163	0
DS571164	118804	118847	6	0	17	0
DS571164	119258	119312	90	0	103	0
DS571164	120577	120647	33	0	50	0
DS571164	125077	125132	65	0	68	0
DS571164	125381	125445	35	0	38	0
DS571164	127291	127348	163	0	133	0
DS571165	979	1215	12	0	24	0
DS571165	1087	1215	2	0	1	0
DS571165	1169	1215	51	0	65	0
DS571165	2388	2441	83	0	85	0
DS571165	2852	2896	14	0	13	0
DS571165	7966	8056	35	0	48	0
DS571165	8465	8539	1	0	1	0
DS571165	15946	15999	5	0	1	0
DS571165	29553	29638	48	0	56	0
DS571165	30025	30111	19	0	17	0
DS571165	31218	31267	61	0	41	0
DS571165	31399	31453	110	0	131	0
DS571165	33322	33374	1	0	2	0
DS571165	46562	46634	35	0	41	0
DS571165	47314	47372	32	0	26	0
DS571165	57365	57413	11	0	8	0
DS571165	58019	58067	8	0	12	0
DS571165	71114	71169	2	0	2	0
DS571165	77620	77669	51	0	75	0
DS571165	77760	77843	50	0	93	0
DS571165	79711	79791	50	0	52	0
DS571165	80253	80307	29	0	46	0
DS571165	81178	81225	12	0	12	0
DS571165	81291	81338	2	0	2	0
DS571165	102871	102919	164	0	205	0
DS571165	103329	103393	163	0	177	0
DS571165	104514	104562	24	0	35	0
DS571165	104867	104923	38	0	38	0
DS571165	107060	107112	120	0	129	0
DS571165	107850	107909	6	0	7	0
DS571165	108009	108056	11	0	22	0
DS571165	112423	112511	460	0	531	0
DS571165	113828	113886	150	0	205	0
DS571165	113828	113895	2	0	1	0
DS571165	116673	116723	3	0	4	0
DS571165	119373	119427	59	0	74	0
DS571165	120071	120115	4	0	8	0
DS571166	1621	1675	15	0	12	0
DS571166	3366	3422	5930	0	9984	0
DS571166	19668	19711	100	0	126	0
DS571166	32586	32640	31	0	27	0
DS571166	39511	39561	15	0	17	0
DS571166	44897	44947	51	0	33	0
DS571166	52535	52607	101	0	113	0
DS571166	67716	67774	8	0	9	0
DS571166	68287	68328	17	0	18	0
DS571166	71692	71739	197	0	229	0
DS571166	71692	71761	4	0	3	0
DS571166	71929	71984	165	0	211	0
DS571166	93062	93105	4	0	2	0
DS571166	93062	93115	301	0	422	0
DS571166	95637	95692	23	0	25	0
DS571166	100242	100428	140	0	137	0
DS571166	101914	101971	10	0	7	0
DS571166	102760	102804	25	0	30	0
DS571166	103058	103110	25	0	26	0
DS571166	104703	104769	30	0	27	0
DS571166	113397	113467	12	0	5	0
DS571167	9802	9962	2	0	1	0
DS571167	19695	19750	3	0	6	0
DS571167	27679	27753	4	0	8	0
DS571167	27986	28035	1	0	3	0
DS571167	39722	39774	25	0	21	0
DS571167	41357	41414	35	0	31	0
DS571167	41752	41803	23	0	28	0
DS571167	42536	42685	8	0	16	0
DS571167	46656	46709	17	0	16	0
DS571167	47661	47722	11	0	1	0
DS571167	48164	48219	3	0	2	0
DS571167	48294	48341	3	0	2	0
DS571167	54966	55027	153	0	152	0
DS571167	56457	56503	120	0	137	0
DS571167	57705	57737	2	0	3	0
DS571167	60658	60713	142	0	170	0
DS571167	61422	61474	29	0	30	0
DS571167	70795	70837	86	0	105	0
DS571167	92706	92759	79	0	66	0
DS571167	93221	93278	41	0	69	0
DS571167	93534	93589	23	0	18	0
DS571167	93625	93691	11	0	4	0
DS571167	107016	107069	55	0	53	0
DS571168	21918	21964	27	0	24	0
DS571168	22289	22335	6	0	5	0
DS571168	39227	39306	4	0	2	0
DS571168	47173	47277	108	0	167	0
DS571168	47329	47376	111	0	162	0
DS571168	65869	65922	3	0	6	0
DS571168	76079	76125	6	0	6	0
DS571168	91611	91671	8	0	6	0
DS571168	92585	92833	3	0	3	0
DS571168	92585	92870	3	0	6	0
DS571168	92585	92888	15	0	27	0
DS571168	92600	92833	844	0	969	0
DS571168	93881	93936	74	0	51	0
DS571168	101750	101800	40	0	72	0
DS571168	115117	115205	2	0	5	0
DS571169	13831	13884	77	0	75	0
DS571169	17194	17327	14	0	8	0
DS571169	50283	50327	78	0	96	0
DS571169	64403	64446	18	0	11	0
DS571169	72521	72583	78	0	94	0
DS571169	77054	77114	53	0	77	0
DS571169	77200	77254	70	0	99	0
DS571169	77347	77392	64	0	84	0
DS571169	83558	83614	136	0	201	0
DS571169	83572	83614	6	0	4	0
DS571169	94122	94178	13	0	3	0
DS571169	94551	94601	5	0	6	0
DS571169	106607	106675	7	0	7	0
DS571170	15974	16303	1	0	2	0
DS571170	16196	16291	4	0	7	0
DS571170	16210	16291	1	0	1	0
DS571170	22091	22144	19	0	13	0
DS571170	44410	44456	50	0	62	0
DS571170	44676	44727	55	0	64	0
DS571170	46808	46857	32	0	24	0
DS571170	48113	48158	15	0	26	0
DS571170	56851	56908	209	0	241	0
DS571170	67613	67736	76	0	114	0
DS571170	71006	71064	42	0	21	0
DS571170	80013	80074	10	0	8	0
DS571170	80289	80334	17	0	25	0
DS571170	80504	80553	11	0	12	0
DS571170	85524	85567	163	0	215	0
DS571170	85606	85665	2	0	2	0
DS571170	85865	85919	47	0	48	0
DS571170	87059	87115	27	0	24	0
DS571170	88412	88457	29	0	52	0
DS571170	92016	92107	57	0	45	0
DS571170	93142	93197	6	0	5	0
DS571170	93320	93381	15	0	10	0
DS571170	93434	93482	18	0	13	0
DS571170	93758	93808	14	0	18	0
DS571170	98413	98468	29	0	23	0
DS571170	98413	98471	3	0	1	0
DS571170	98811	98859	8	0	4	0
DS571170	101765	101823	50	0	63	0
DS571171	502	561	5	0	1	0
DS571171	4302	4348	15	0	15	0
DS571171	14326	14391	419	0	434	0
DS571171	51410	51467	16	0	10	0
DS571171	53187	53235	4	0	6	0
DS571171	80380	80431	1	0	1	0
DS571172	6067	6124	17	0	19	0
DS571172	7833	7889	38	0	42	0
DS571172	9440	9595	1	0	1	0
DS571172	9479	9595	1	0	1	0
DS571172	19703	19829	6	0	3	0
DS571172	19768	19829	4	0	4	0
DS571172	19979	20025	9	0	10	0
DS571172	31961	32015	12	0	25	0
DS571172	46442	46498	69	0	93	0
DS571172	46659	46783	56	0	52	0
DS571172	52190	52233	25	0	20	0
DS571172	53398	53460	23	0	7	0
DS571172	53579	53634	17	0	12	0
DS571172	72923	72980	3	0	4	0
DS571172	78194	78242	23	0	21	0
DS571172	78352	78404	22	0	22	0
DS571172	78782	78837	40	0	44	0
DS571172	79373	79455	58	0	68	0
DS571172	79791	79964	2	0	3	0
DS571172	79798	79964	62	0	101	0
DS571173	7899	7947	19	0	21	0
DS571173	9917	9979	63	0	66	0
DS571173	10024	10121	60	0	60	0
DS571173	13923	13997	76	0	95	0
DS571173	17354	17409	52	0	65	0
DS571173	20361	20657	29	0	43	0
DS571173	32716	32775	1	0	4	0
DS571173	39867	39915	6	0	5	0
DS571173	40035	40095	6	0	6	0
DS571173	40552	40607	19	0	24	0
DS571173	41885	41934	6	0	7	0
DS571173	41889	41939	2	0	1	0
DS571173	42167	42241	16	0	24	0
DS571173	44591	44643	38	0	38	0
DS571173	46781	46843	2	0	2	0
DS571173	60576	60678	4	0	3	0
DS571173	61166	61339	848	0	1058	0
DS571173	71163	71210	95	0	98	0
DS571173	81267	81321	3	0	3	0
DS571173	83268	83317	23	0	9	0
DS571173	84087	84145	33	0	27	0
DS571173	85720	85769	31	0	40	0
DS571173	92539	92594	12	0	13	0
DS571173	95008	95067	3	0	2	0
DS571173	95263	95331	3	0	3	0
DS571173	95500	95557	2	0	1	0
DS571173	98833	98888	8	0	12	0
DS571174	7995	8047	19	0	15	0
DS571174	9196	9239	18	0	22	0
DS571174	21249	21314	9	0	21	0
DS571174	23711	23766	28	0	23	0
DS571174	26296	26448	22	0	21	0
DS571174	31941	31998	349	0	386	0
DS571174	32096	32149	333	0	341	0
DS571174	34048	34095	6	0	4	0
DS571174	35893	36009	3	0	7	0
DS571174	41049	41110	1	0	1	0
DS571174	41064	41110	46	0	39	0
DS571174	41426	41486	16	0	25	0
DS571174	41426	41504	2	0	1	0
DS571174	48334	48385	64	0	78	0
DS571174	50766	50818	3	0	3	0
DS571174	50947	50999	7	0	8	0
DS571174	51363	51403	5	0	12	0
DS571174	56648	56696	48	0	50	0
DS571174	56648	56699	2	0	2	0
DS571174	57045	57143	39	0	28	0
DS571174	60508	60568	1	0	2	0
DS571174	68657	68813	2	0	2	0
DS571174	73536	73594	29	0	30	0
DS571174	88002	88067	3	0	3	0
DS571174	93951	94061	23	0	22	0
DS571175	5944	5999	14	0	7	0
DS571175	6563	6616	11	0	8	0
DS571175	6900	6943	6	0	6	0
DS571175	7081	7158	20	0	32	0
DS571175	7354	7397	19	0	26	0
DS571175	13295	13343	225	0	309	0
DS571175	14216	14269	4	0	3	0
DS571175	14588	14634	1	0	4	0
DS571175	23556	23598	2	0	1	0
DS571175	27913	27990	174	0	181	0
DS571175	41874	41929	29	0	40	0
DS571175	42062	42143	12	0	32	0
DS571175	42209	42259	17	0	33	0
DS571175	43697	43753	49	0	58	0
DS571175	48352	48404	142	0	188	0
DS571175	49646	49697	41	0	69	0
DS571175	50455	50504	447	0	666	0
DS571175	58606	58651	44	0	54	0
DS571175	62155	62220	78	0	75	0
DS571175	62492	62554	19	0	28	0
DS571175	62700	62745	3	0	2	0
DS571175	63170	63289	1	0	2	0
DS571175	67405	67564	52	0	62	0
DS571175	70481	70539	1	0	1	0
DS571175	70771	70823	985	0	1232	0
DS571175	72333	72376	63	0	71	0
DS571175	75211	75257	38	0	47	0
DS571175	75519	75574	1	0	3	0
DS571175	75528	75574	47	0	71	0
DS571175	78071	78137	4	0	6	0
DS571175	84154	84197	121	0	119	0
DS571175	91386	91440	93	0	127	0
DS571175	91736	91811	2	0	1	0
DS571175	91761	91811	149	0	181	0
DS571176	15895	15951	23	0	17	0
DS571176	36055	36121	2	0	3	0
DS571176	40434	40490	182	0	211	0
DS571176	40587	40633	2	0	3	0
DS571176	40587	40637	138	0	172	0
DS571176	53338	53391	16	0	18	0
DS571176	53493	53543	47	0	68	0
DS571176	57259	57315	1	0	1	0
DS571176	57262	57315	15	0	20	0
DS571176	57902	57958	106	0	131	0
DS571177	10498	10650	1	0	1	0
DS571177	19886	19940	5	0	3	0
DS571177	36254	36302	19	0	4	0
DS571177	36488	36542	11	0	3	0
DS571177	38151	38240	1	0	2	0
DS571177	58458	58531	4	0	7	0
DS571177	64865	64924	1	0	1	0
DS571177	64865	64938	54	0	54	0
DS571177	65063	65112	39	0	54	0
DS571177	67004	67056	39	0	21	0
DS571177	74883	74943	3	0	3	0
DS571177	81941	82025	1	0	3	0
DS571177	82084	82133	4	0	3	0
DS571177	85100	85157	20	0	21	0
DS571177	86533	86580	32	0	52	0
DS571178	8736	8787	59	0	59	0
DS571178	9431	9484	84	0	116	0
DS571178	11507	11530	7	0	15	0
DS571178	11531	11563	6	0	3	0
DS571178	12067	12138	16	0	19	0
DS571178	15692	15736	39	0	69	0
DS571178	18400	18496	4	0	3	0
DS571178	27574	27630	44	0	71	0
DS571178	35854	35906	472	0	748	0
DS571178	39023	39071	40	0	52	0
DS571178	39194	39237	62	0	72	0
DS571178	41729	41815	82	0	82	0
DS571178	43158	43204	6	0	11	0
DS571178	43963	44019	22	0	17	0
DS571178	56020	56064	32	0	67	0
DS571178	58853	58897	33	0	29	0
DS571178	59632	59710	19	0	25	0
DS571178	63312	63357	18	0	9	0
DS571178	66988	67037	130	0	138	0
DS571178	67924	67993	2	0	2	0
DS571178	67961	68086	48	0	64	0
DS571178	74264	74317	70	0	68	0
DS571178	74264	74357	3	0	1	0
DS571178	74269	74321	2	0	3	0
DS571178	88354	88555	524	0	563	0
DS571178	88507	88555	1	0	3	0
DS571178	88913	88982	14	0	7	0
DS571178	89331	89389	7	0	12	0
DS571178	91326	91405	224	0	282	0
DS571179	8638	8692	107	0	122	0
DS571179	8933	8997	110	0	127	0
DS571179	9286	9350	113	0	118	0
DS571179	21773	21818	11	0	14	0
DS571179	26271	26362	188	0	267	0
DS571179	59204	59253	21	0	14	0
DS571179	59643	59693	7	0	11	0
DS571179	71144	71249	146	0	256	0
DS571179	71343	71425	152	0	263	0
DS571179	80059	80098	2	0	2	0
DS571179	80059	80118	2	0	1	0
DS571179	80079	80098	63	0	30	0
DS571179	80079	80118	2	0	1	0
DS571179	88512	88572	3	0	2	0
DS571180	14097	14150	31	0	33	0
DS571180	14130	14196	1	0	2	0
DS571180	15062	15116	69	0	68	0
DS571180	20443	20497	23	0	15	0
DS571180	50434	50482	20	0	11	0
DS571180	50946	51002	83	0	150	0
DS571180	77427	77474	1	0	1	0
DS571180	91656	91760	314	0	376	0
DS571181	10110	10161	5	0	3	0
DS571181	10658	10712	70	0	130	0
DS571181	11925	11982	4	0	2	0
DS571181	32605	32662	2132	0	1984	0
DS571181	37789	37884	79	0	95	0
DS571181	75619	75663	455	0	480	0
DS571181	75804	75867	265	0	248	0
DS571182	5312	5331	1	0	3	0
DS571182	24295	24340	11	0	13	0
DS571182	28006	28071	6	0	8	0
DS571182	37821	37866	33	0	12	0
DS571182	45067	45124	10	0	16	0
DS571182	45242	45315	19	0	26	0
DS571182	45452	45522	31	0	29	0
DS571182	47665	47713	32	0	42	0
DS571182	60099	60151	20	0	15	0
DS571182	60318	60382	25	0	15	0
DS571182	68370	68448	33	0	42	0
DS571182	70741	70792	85	0	88	0
DS571182	71774	71827	53	0	37	0
DS571182	73431	73474	70	0	79	0
DS571182	73635	73690	102	0	123	0
DS571182	75290	75348	170	0	215	0
DS571183	3545	3588	3	0	5	0
DS571183	9163	9210	28	0	32	0
DS571183	9429	9480	28	0	30	0
DS571183	19543	19602	32	0	49	0
DS571183	22329	22390	37	0	45	0
DS571183	23012	23065	244	0	325	0
DS571183	27903	27976	372	0	435	0
DS571183	31860	31909	46	0	54	0
DS571183	34490	34563	7	0	2	0
DS571183	39347	39407	64	0	88	0
DS571183	60680	60738	2	0	2	0
DS571183	77463	77618	1	0	1	0
DS571183	85463	85534	5	0	2	0
DS571184	4198	4218	1	0	1	0
DS571184	5210	5287	21	0	27	0
DS571184	6082	6134	29	0	26	0
DS571184	11857	11909	1	0	1	0
DS571184	11865	11909	114	0	166	0
DS571184	13906	13976	15	0	28	0
DS571184	16424	16469	12	0	16	0
DS571184	16737	16783	39	0	47	0
DS571184	17271	17361	1	0	3	0
DS571184	17271	17375	198	0	268	0
DS571184	20825	20890	11	0	12	0
DS571184	22253	22301	22	0	31	0
DS571184	47859	47917	6	0	6	0
DS571184	48894	48999	54	0	53	0
DS571184	75660	75715	98	0	88	0
DS571184	78573	78629	81	0	98	0
DS571184	78766	78821	108	0	142	0
DS571184	79398	79450	28	0	25	0
DS571184	86670	86725	1606	0	1748	0
DS571185	25902	25954	5	0	5	0
DS571185	60504	60548	32	0	66	0
DS571185	72263	72321	39	0	21	0
DS571186	1658	1716	662	0	835	0
DS571186	2936	2985	231	0	265	0
DS571186	4458	4513	28	0	35	0
DS571186	8440	8489	7	0	1	0
DS571186	26089	26145	62	0	71	0
DS571186	32334	32408	27	0	42	0
DS571186	34253	34306	20	0	16	0
DS571186	45390	45445	28	0	26	0
DS571186	48150	48214	1	0	2	0
DS571186	48159	48214	7	0	13	0
DS571186	51066	51109	11	0	12	0
DS571186	52203	52248	47	0	79	0
DS571186	55885	55941	55	0	54	0
DS571186	56034	56090	64	0	40	0
DS571187	19020	19073	1	0	1	0
DS571187	26312	26367	49	0	42	0
DS571187	33393	33442	4	0	2	0
DS571187	39095	39153	12	0	19	0
DS571187	44050	44113	4	0	2	0
DS571187	46993	47042	20	0	29	0
DS571187	50152	50200	28	0	38	0
DS571187	50347	50421	45	0	38	0
DS571187	59691	59798	178	0	168	0
DS571187	61207	61274	114	0	115	0
DS571187	71319	71381	11	0	7	0
DS571187	71406	71469	8	0	7	0
DS571187	72257	72306	216	0	258	0
DS571187	72796	72869	67	0	62	0
DS571187	77550	77593	11	0	28	0
DS571187	78913	78962	156	0	179	0
DS571187	79232	79280	1	0	1	0
DS571187	79234	79280	138	0	130	0
DS571187	87045	87095	238	0	240	0
DS571188	15264	15310	40	0	39	0
DS571188	15689	15751	32	0	27	0
DS571188	21916	21972	39	0	52	0
DS571188	24652	24724	1	0	5	0
DS571188	38136	38181	30	0	28	0
DS571188	43582	43629	18	0	12	0
DS571188	45291	45409	1	0	2	0
DS571188	58036	58138	1236	0	1494	0
DS571188	58093	58138	1	0	1	0
DS571189	25414	25460	196	0	268	0
DS571189	25546	25610	206	0	249	0
DS571189	25904	25948	420	0	467	0
DS571189	26057	26110	523	0	667	0
DS571189	34055	34116	584	0	711	0
DS571189	34809	34864	41	0	55	0
DS571189	34809	34866	2	0	1	0
DS571189	35666	35717	807	0	941	0
DS571189	46545	46596	1	0	1	0
DS571189	53083	53156	5	0	1	0
DS571189	53911	53967	8	0	1	0
DS571189	53982	54295	1	0	1	0
DS571189	54231	54295	2	0	2	0
DS571189	63568	63618	88	0	114	0
DS571189	73329	73378	11	0	10	0
DS571190	1731	1801	27	0	31	0
DS571190	1935	1988	20	0	19	0
DS571190	2421	2470	80	0	105	0
DS571190	7716	7774	455	0	527	0
DS571190	9025	9080	456	0	478	0
DS571190	14674	14730	7	0	3	0
DS571190	19859	19911	65	0	80	0
DS571190	32050	32172	1	0	1	0
DS571190	33439	33491	12	0	12	0
DS571190	39546	39600	364	0	427	0
DS571190	40795	40849	22	0	28	0
DS571190	41524	41582	23	0	22	0
DS571190	60504	60553	4	0	2	0
DS571190	61521	61576	33	0	21	0
DS571190	66498	66543	28	0	32	0
DS571190	66726	66809	113	0	98	0
DS571190	67955	67981	1	0	1	0
DS571190	69441	69489	9	0	11	0
DS571190	69569	69619	14	0	35	0
DS571190	69766	69825	14	0	23	0
DS571190	77956	78005	2	0	8	0
DS571190	81318	81371	9	0	14	0
DS571190	81468	81524	3	0	3	0
DS571191	8007	8082	135	0	250	0
DS571191	16234	16286	427	0	547	0
DS571191	16898	16987	540	0	685	0
DS571191	17535	17596	7	0	13	0
DS571191	19737	19781	55	0	31	0
DS571191	21746	21958	3	0	10	0
DS571191	22635	22692	82	0	125	0
DS571191	22794	22842	65	0	68	0
DS571191	34143	34197	14	0	4	0
DS571191	37596	37649	68	0	55	0
DS571191	39132	39179	73	0	110	0
DS571191	39942	39988	129	0	151	0
DS571191	40850	40941	191	0	230	0
DS571191	42028	42084	1	0	2	0
DS571191	43631	43679	22	0	11	0
DS571191	43776	43828	19	0	9	0
DS571191	45310	45361	53	0	46	0
DS571191	49147	49232	70	0	104	0
DS571191	54340	54395	21	0	27	0
DS571191	56389	56436	3	0	3	0
DS571191	69748	69816	2	0	1	0
DS571191	70619	70700	8	0	11	0
DS571191	74141	74194	3	0	2	0
DS571192	6623	6678	12	0	9	0
DS571192	8294	8376	260	0	304	0
DS571192	10488	10534	12	0	12	0
DS571192	59455	59506	476	0	628	0
DS571192	59455	59508	2	0	4	0
DS571192	59813	59878	1	0	2	0
DS571192	59926	59973	9	0	9	0
DS571192	59926	60061	262	0	290	0
DS571192	60326	60398	2	0	2	0
DS571192	64855	64907	287	0	339	0
DS571192	72027	72095	64	0	88	0
DS571193	23313	23359	82	0	118	0
DS571193	23741	23788	87	0	97	0
DS571193	36266	36319	25	0	42	0
DS571193	39592	39646	27	0	39	0
DS571193	47319	47372	1	0	6	0
DS571193	63665	63717	3	0	2	0
DS571193	67586	67640	10	0	25	0
DS571194	3919	4003	25	0	26	0
DS571194	4176	4228	5	0	4	0
DS571194	7812	7890	89	0	74	0
DS571194	35750	35803	63	0	68	0
DS571194	36741	36784	482	0	532	0
DS571194	36741	36788	3	0	3	0
DS571194	56114	56167	2	0	14	0
DS571194	61998	62046	3	0	2	0
DS571194	63550	63605	1	0	1	0
DS571194	63919	64048	7	0	16	0
DS571194	69784	69845	7	0	12	0
DS571195	10026	10083	3	0	8	0
DS571195	14005	14091	118	0	110	0
DS571195	14688	14743	35	0	43	0
DS571195	16571	16625	165	0	186	0
DS571195	26386	26430	64	0	66	0
DS571195	28282	28345	17	0	10	0
DS571195	29045	29133	305	0	404	0
DS571195	46756	46841	61	0	67	0
DS571195	46930	47019	9	0	13	0
DS571195	46942	47019	5	0	2	0
DS571195	50919	51004	188	0	253	0
DS571195	51088	51173	284	0	432	0
DS571195	51276	51329	292	0	420	0
DS571195	51390	51445	159	0	203	0
DS571195	60000	60057	227	0	263	0
DS571195	60216	60278	188	0	189	0
DS571196	26426	26472	1	0	4	0
DS571196	33031	33082	2	0	1	0
DS571196	39067	39134	5	0	5	0
DS571196	43155	43206	44	0	62	0
DS571196	48420	48481	2	0	2	0
DS571196	48844	48893	2	0	2	0
DS571196	58551	58601	693	0	793	0
DS571196	60651	60697	115	0	137	0
DS571196	62770	62820	4	0	2	0
DS571196	73234	73276	10	0	22	0
DS571196	73900	73974	23	0	26	0
DS571197	9708	9753	1	0	1	0
DS571197	25569	25626	3	0	1	0
DS571197	26704	26749	6	0	4	0
DS571197	44776	44829	12	0	15	0
DS571197	44779	44829	29	0	57	0
DS571197	44967	45107	94	0	146	0
DS571197	50845	50899	34	0	34	0
DS571197	53338	53483	650	0	708	0
DS571197	53433	53483	2	0	1	0
DS571197	58780	58938	5	0	5	0
DS571197	58814	58897	1	0	2	0
DS571197	65255	65386	189	0	228	0
DS571198	8822	8870	19	0	17	0
DS571198	9425	9467	100	0	114	0
DS571198	9819	9873	66	0	69	0
DS571198	11132	11189	25	0	23	0
DS571198	11354	11401	23	0	22	0
DS571198	12419	12474	14	0	9	0
DS571198	16112	16223	1	0	1	0
DS571198	16365	16423	10	0	2	0
DS571198	17828	17976	1	0	2	0
DS571198	23380	23443	45	0	62	0
DS571198	27847	27893	3	0	1	0
DS571198	40569	40621	16	0	8	0
DS571198	51251	51299	3	0	4	0
DS571198	64481	64526	3	0	1	0
DS571198	71120	71173	97	0	71	0
DS571198	72902	72972	28	0	12	0
DS571199	6669	6732	8	0	7	0
DS571199	15592	15653	1	0	1	0
DS571199	15867	15917	83	0	83	0
DS571199	21264	21350	11	0	8	0
DS571199	23625	23676	65	0	53	0
DS571199	33406	33477	1	0	1	0
DS571199	42518	42582	56	0	76	0
DS571199	42727	42909	58	0	54	0
DS571199	48021	48072	20	0	13	0
DS571199	48729	48892	14	0	14	0
DS571199	60063	60112	20	0	24	0
DS571199	64722	64773	27	0	37	0
DS571200	30613	30667	6	0	15	0
DS571200	31110	31201	1	0	3	0
DS571200	31110	31261	1	0	2	0
DS571200	31110	31296	789	0	1058	0
DS571200	40199	40251	8	0	11	0
DS571200	46405	46454	269	0	392	0
DS571200	46405	46460	1	0	2	0
DS571200	47836	47899	26	0	34	0
DS571200	48854	48934	1	0	4	0
DS571200	48881	48934	6	0	5	0
DS571200	48908	48934	30	0	49	0
DS571200	48920	48967	1	0	1	0
DS571200	51871	51921	448	0	617	0
DS571200	54538	54598	26	0	28	0
DS571200	62024	62072	10	0	2	0
DS571200	64678	64737	1	0	2	0
DS571201	19049	19107	13	0	5	0
DS571201	19214	19274	10	0	8	0
DS571201	24901	24962	51	0	61	0
DS571201	45829	45890	1	0	1	0
DS571201	60355	60432	4	0	1	0
DS571201	61630	61714	27	0	24	0
DS571201	61941	62053	19	0	28	0
DS571201	62749	62971	37	0	41	0
DS571201	64157	64234	9	0	10	0
DS571201	64519	64604	13	0	12	0
DS571201	67911	67972	2	0	1	0
DS571201	67911	67977	217	0	294	0
DS571201	68231	68284	143	0	169	0
DS571201	69622	69686	35	0	28	0
DS571201	69954	70004	6	0	6	0
DS571201	70551	70604	21	0	19	0
DS571201	71180	71234	1	0	2	0
DS571201	71183	71234	150	0	196	0
DS571202	14035	14080	201	0	214	0
DS571202	14322	14371	126	0	129	0
DS571202	14657	14724	125	0	102	0
DS571202	20909	20963	45	0	62	0
DS571202	30861	30913	1091	0	1146	0
DS571202	35424	35469	3	0	2	0
DS571202	36139	36223	1	0	4	0
DS571202	58964	59017	97	0	131	0
DS571202	62788	62899	5	0	9	0
DS571202	62844	62899	1	0	2	0
DS571202	63611	63673	187	0	172	0
DS571203	5521	5580	37	0	29	0
DS571203	5740	5786	29	0	19	0
DS571203	6252	6297	16	0	28	0
DS571203	8550	8602	67	0	65	0
DS571203	11682	11760	9	0	13	0
DS571203	30451	30514	3	0	7	0
DS571203	30870	30922	38	0	29	0
DS571203	31349	31407	45	0	25	0
DS571203	33216	33269	23	0	22	0
DS571203	33503	33578	29	0	27	0
DS571203	33711	33782	32	0	40	0
DS571203	49089	49137	2	0	2	0
DS571203	55597	55644	72	0	91	0
DS571203	56970	57018	19	0	21	0
DS571204	7511	7557	1	0	2	0
DS571204	7876	7942	2	0	1	0
DS571204	8801	8845	50	0	89	0
DS571204	9446	9499	5	0	7	0
DS571204	10063	10118	116	0	133	0
DS571204	16806	16872	35	0	46	0
DS571204	20761	20805	175	0	201	0
DS571204	21209	21257	34	0	46	0
DS571204	21375	21421	132	0	135	0
DS571204	27976	28040	5	0	3	0
DS571204	30969	31042	13	0	20	0
DS571204	32075	32135	5	0	16	0
DS571204	37096	37151	15	0	9	0
DS571204	46317	46366	125	0	148	0
DS571204	46452	46505	1	0	4	0
DS571204	47048	47096	22	0	21	0
DS571204	47427	47483	4	0	4	0
DS571204	48293	48348	28	0	32	0
DS571204	49089	49148	22	0	19	0
DS571205	17922	17970	208	0	265	0
DS571205	31066	31228	1	0	1	0
DS571205	33361	33409	23	0	29	0
DS571205	33570	33622	33	0	40	0
DS571205	42887	42979	2	0	1	0
DS571205	44525	44572	2	0	7	0
DS571205	57052	57124	13	0	15	0
DS571206	10081	10138	34	0	53	0
DS571206	10334	10391	16	0	19	0
DS571206	10782	10833	41	0	31	0
DS571206	14599	14618	1	0	3	0
DS571206	14599	14638	5	0	1	0
DS571206	17569	17624	11	0	23	0
DS571206	19913	19991	2	0	2	0
DS571206	19946	19991	170	0	226	0
DS571206	20230	20296	24	0	26	0
DS571206	27286	27344	69	0	109	0
DS571206	27836	27891	54	0	61	0
DS571206	32984	33046	56	0	89	0
DS571206	33172	33229	3	0	1	0
DS571206	34019	34079	5	0	1	0
DS571206	51188	51246	12	0	20	0
DS571206	57349	57394	9	0	4	0
DS571206	57972	58029	72	0	41	0
DS571206	62694	62750	36	0	54	0
DS571207	12189	12234	298	0	400	0
DS571207	12283	12330	371	0	489	0
DS571207	13241	13293	36	0	54	0
DS571207	23493	23542	13	0	11	0
DS571207	23493	23582	4	0	7	0
DS571207	25332	25389	19	0	21	0
DS571207	28044	28095	3	0	9	0
DS571207	31887	31936	10	0	9	0
DS571207	32402	32448	11	0	11	0
DS571207	32577	32638	5	0	8	0
DS571207	34458	34614	1	0	2	0
DS571207	36496	36551	133	0	176	0
DS571207	36496	36558	1	0	1	0
DS571207	36906	36958	33	0	28	0
DS571207	37152	37196	39	0	64	0
DS571207	37346	37391	30	0	40	0
DS571207	40729	40783	321	0	492	0
DS571207	46753	46812	100	0	132	0
DS571207	56871	56917	34	0	38	0
DS571207	56871	56919	2	0	1	0
DS571207	60970	61019	5	0	8	0
DS571207	68403	68458	3	0	6	0
DS571208	5398	5453	4	0	9	0
DS571208	5402	5453	85	0	146	0
DS571208	6372	6451	2	0	2	0
DS571208	6884	6935	1	0	1	0
DS571208	7208	7264	19	0	17	0
DS571208	14794	14849	823	0	1020	0
DS571208	34724	34747	6	0	9	0
DS571208	42481	42528	90	0	105	0
DS571208	54128	54185	40	0	63	0
DS571209	22852	22911	816	0	1062	0
DS571209	46763	46821	1	0	1	0
DS571209	47942	48003	1	0	2	0
DS571210	38294	38340	781	0	1037	0
DS571210	38457	38512	505	0	641	0
DS571210	48048	48133	65	0	76	0
DS571210	48280	48366	122	0	146	0
DS571211	519	572	7	0	8	0
DS571211	9806	9883	497	0	448	0
DS571211	16874	16940	26	0	38	0
DS571211	35699	35806	16	0	17	0
DS571211	40691	40749	38	0	51	0
DS571211	51740	51796	92	0	99	0
DS571211	61139	61204	18	0	16	0
DS571213	8124	8196	164	0	181	0
DS571213	13385	13442	111	0	196	0
DS571213	13900	13944	14	0	18	0
DS571213	14737	14798	10	0	27	0
DS571213	19433	19481	129	0	169	0
DS571213	20814	20872	1	0	8	0
DS571213	21439	21502	2	0	5	0
DS571213	29571	29625	14	0	22	0
DS571213	34714	34800	217	0	312	0
DS571213	44442	44501	13	0	14	0
DS571213	44631	44708	4	0	4	0
DS571213	61973	62077	1	0	1	0
DS571214	19573	19639	52	0	44	0
DS571214	19744	19808	60	0	74	0
DS571214	26235	26295	71	0	81	0
DS571214	26354	26445	85	0	116	0
DS571214	26354	26564	1	0	1	0
DS571214	26503	26564	79	0	106	0
DS571214	26519	26564	2	0	2	0
DS571214	27510	27567	5	0	3	0
DS571214	30489	30579	1	0	1	0
DS571214	40421	40547	1	0	2	0
DS571214	41205	41253	31	0	39	0
DS571214	42783	42806	4	0	5	0
DS571214	44316	44339	4	0	4	0
DS571214	44316	44627	1	0	1	0
DS571214	44364	44435	1	0	2	0
DS571214	44436	44459	2	0	4	0
DS571214	44436	44483	2	0	4	0
DS571214	44556	44603	1	0	1	0
DS571215	11299	11351	4	0	3	0
DS571215	12717	12765	174	0	249	0
DS571215	12897	12947	11	0	12	0
DS571215	12904	12947	222	0	318	0
DS571215	13054	13126	4	0	2	0
DS571215	15629	15687	130	0	146	0
DS571215	15928	15976	4	0	3	0
DS571215	25866	25924	178	0	283	0
DS571215	26337	26399	41	0	29	0
DS571215	32122	32173	71	0	60	0
DS571215	49985	50031	6	0	12	0
DS571215	56531	56584	23	0	19	0
DS571216	16739	16787	1	0	3	0
DS571216	17226	17287	17	0	26	0
DS571216	17501	17549	25	0	17	0
DS571216	30415	30475	32	0	30	0
DS571216	30432	30475	1	0	2	0
DS571216	38755	38806	45	0	94	0
DS571216	39037	39098	82	0	115	0
DS571216	43430	43489	96	0	87	0
DS571216	46450	46506	2	0	1	0
DS571217	1837	1890	14	0	18	0
DS571217	2059	2144	1	0	2	0
DS571217	2096	2144	38	0	23	0
DS571217	19081	19141	18	0	32	0
DS571217	19437	19494	46	0	70	0
DS571217	25582	25635	15	0	13	0
DS571217	26524	26570	4	0	2	0
DS571217	30503	30592	2	0	2	0
DS571217	30542	30592	8	0	5	0
DS571217	53321	53371	22	0	24	0
DS571217	54068	54125	16	0	6	0
DS571218	9301	9385	19	0	22	0
DS571218	9524	9583	12	0	22	0
DS571218	11547	11609	9	0	13	0
DS571218	26464	26567	3	0	6	0
DS571218	27387	27439	126	0	116	0
DS571218	56448	56493	73	0	62	0
DS571218	56448	56524	1	0	1	0
DS571219	22890	22946	26	0	18	0
DS571219	25951	25994	29	0	59	0
DS571219	34487	34554	34	0	28	0
DS571219	36095	36141	110	0	123	0
DS571219	42107	42172	666	0	963	0
DS571219	44001	44323	8	0	10	0
DS571219	44247	44323	4	0	2	0
DS571219	54120	54179	9	0	14	0
DS571219	60451	60512	24	0	18	0
DS571220	9553	9601	2	0	2	0
DS571220	9692	9741	1	0	1	0
DS571220	19055	19101	31	0	34	0
DS571220	19866	19935	65	0	113	0
DS571220	25280	25558	11	0	11	0
DS571220	28976	29040	106	0	121	0
DS571220	33698	33758	8	0	6	0
DS571220	35636	35682	2	0	3	0
DS571220	43919	43971	557	0	688	0
DS571220	50952	51029	3	0	4	0
DS571221	8406	8459	73	0	92	0
DS571221	17576	17634	85	0	79	0
DS571221	20622	20687	4	0	7	0
DS571221	54806	54865	116	0	197	0
DS571221	55010	55066	93	0	153	0
DS571222	12964	13019	138	0	122	0
DS571222	14823	14886	1	0	15	0
DS571222	15226	15272	2	0	2	0
DS571222	19960	20012	18	0	20	0
DS571222	21133	21186	13	0	18	0
DS571222	24042	24158	574	0	818	0
DS571222	36442	36501	3	0	3	0
DS571222	36452	36501	557	0	522	0
DS571222	36748	36794	625	0	665	0
DS571222	38325	38378	8	0	14	0
DS571222	45270	45351	1	0	5	0
DS571222	47330	47387	98	0	104	0
DS571223	6216	6273	97	0	153	0
DS571223	6434	6559	83	0	92	0
DS571223	14535	14585	3	0	2	0
DS571223	14535	14600	199	0	210	0
DS571223	16587	16636	29	0	23	0
DS571223	17266	17329	9	0	9	0
DS571223	17855	17900	100	0	123	0
DS571223	30432	30491	19	0	16	0
DS571223	37149	37196	11	0	11	0
DS571223	50433	50484	3	0	10	0
DS571223	50592	50643	12	0	19	0
DS571224	16026	16073	4	0	7	0
DS571224	17087	17139	2	0	1	0
DS571224	17087	17155	391	0	421	0
DS571224	17493	17544	274	0	316	0
DS571224	19864	19913	8	0	15	0
DS571224	19864	19936	2313	0	3100	0
DS571224	22895	22984	3	0	3	0
DS571224	33384	33433	3	0	4	0
DS571224	33583	33643	5	0	5	0
DS571224	40622	40718	4	0	3	0
DS571224	47864	47920	8	0	8	0
DS571224	49046	49093	2	0	4	0
DS571224	51315	51404	129	0	159	0
DS571224	53921	53970	135	0	163	0
DS571225	7734	7801	37	0	28	0
DS571225	13743	13802	3	0	2	0
DS571225	16598	16642	59	0	54	0
DS571225	36129	36175	79	0	111	0
DS571225	36482	36550	86	0	79	0
DS571225	36482	36557	2	0	2	0
DS571225	50468	50516	106	0	112	0
DS571226	14084	14133	1	0	4	0
DS571226	14226	14290	42	0	43	0
DS571226	15124	15176	175	0	222	0
DS571226	27278	27365	423	0	501	0
DS571226	27467	27559	288	0	305	0
DS571226	28961	29010	111	0	89	0
DS571226	29838	29891	14	0	21	0
DS571226	31308	31363	10	0	23	0
DS571227	7273	7341	142	0	180	0
DS571227	7814	7895	308	0	499	0
DS571227	12380	12448	14	0	17	0
DS571227	12798	12860	2	0	1	0
DS571227	13005	13078	195	0	227	0
DS571227	16516	16571	130	0	149	0
DS571227	22831	22889	62	0	115	0
DS571227	22986	23046	68	0	133	0
DS571227	23488	23550	258	0	350	0
DS571227	26191	26232	14	0	15	0
DS571227	27431	27482	12	0	8	0
DS571227	34575	34665	1	0	3	0
DS571227	40412	40475	3	0	1	0
DS571227	40635	40714	12	0	15	0
DS571227	42008	42053	113	0	140	0
DS571227	44772	44822	17	0	28	0
DS571227	44947	44995	1	0	4	0
DS571227	51401	51427	1	0	5	0
DS571227	52588	52731	25	0	36	0
DS571227	53344	53400	145	0	181	0
DS571227	53495	53595	238	0	365	0
DS571227	55638	55689	18	0	10	0
DS571228	15494	15564	2	0	5	0
DS571228	16800	16944	135	0	92	0
DS571228	19507	19582	12	0	18	0
DS571228	34573	34620	2	0	2	0
DS571228	38016	38240	1	0	1	0
DS571228	39829	39885	3	0	2	0
DS571228	46102	46181	1	0	3	0
DS571228	46115	46181	1	0	1	0
DS571228	46132	46181	1	0	4	0
DS571228	46136	46181	1085	0	1585	0
DS571228	46803	46858	34	0	30	0
DS571228	49986	50051	50	0	42	0
DS571229	11600	11659	25	0	32	0
DS571229	12062	12148	4	0	2	0
DS571229	12458	12527	34	0	17	0
DS571229	16938	16981	2	0	1	0
DS571229	16938	16987	340	0	368	0
DS571229	21627	21653	5	0	4	0
DS571229	33037	33095	125	0	101	0
DS571229	33847	33894	81	0	102	0
DS571230	6742	6830	1	0	2	0
DS571230	9667	9708	4	0	6	0
DS571230	11963	12011	1	0	3	0
DS571230	13079	13137	75	0	101	0
DS571230	24475	24535	38	0	42	0
DS571230	29520	29565	183	0	205	0
DS571230	29762	29833	3	0	3	0
DS571230	29780	29833	343	0	476	0
DS571230	31366	31416	61	0	113	0
DS571230	43145	43193	24	0	43	0
DS571230	47531	47595	2	0	2	0
DS571230	50325	50383	5	0	18	0
DS571230	54391	54461	3	0	5	0
DS571231	17398	17481	20	0	27	0
DS571231	33794	33985	4	0	3	0
DS571231	36485	36534	18	0	15	0
DS571231	42360	42496	72	0	44	0
DS571231	51003	51058	57	0	71	0
DS571231	51479	51535	110	0	91	0
DS571231	51672	51731	1	0	3	0
DS571231	54493	54549	2	0	8	0
DS571232	10038	10085	9	0	15	0
DS571232	16956	17002	83	0	93	0
DS571232	31006	31068	1	0	7	0
DS571232	31102	31125	1	0	1	0
DS571232	32317	32389	1	0	2	0
DS571232	33501	33555	107	0	114	0
DS571232	39164	39215	51	0	86	0
DS571232	40262	40379	88	0	60	0
DS571232	41687	41789	16	0	18	0
DS571232	49232	49294	57	0	64	0
DS571232	54091	54129	1	0	4	0
DS571233	3857	3909	5	0	5	0
DS571233	4353	4416	1	0	2	0
DS571233	4555	4612	1	0	2	0
DS571233	9715	9763	65	0	85	0
DS571233	12200	12255	12	0	7	0
DS571233	22806	22857	2	0	1	0
DS571233	23867	23913	68	0	55	0
DS571233	29439	29493	44	0	55	0
DS571233	31196	31368	45	0	33	0
DS571233	33475	33528	146	0	201	0
DS571233	37721	37831	54	0	68	0
DS571233	38043	38088	83	0	82	0
DS571233	38043	38092	2	0	1	0
DS571233	38717	38785	92	0	79	0
DS571233	41043	41156	2	0	1	0
DS571234	30734	30777	13	0	13	0
DS571234	33322	33411	5	0	1	0
DS571234	33367	33411	9	0	23	0
DS571234	33412	33456	10	0	29	0
DS571234	33478	33522	8	0	23	0
DS571234	33502	33522	7	0	5	0
DS571234	35649	36188	4	0	4	0
DS571234	35898	36470	1	0	3	0
DS571234	36471	36704	1	0	1	0
DS571234	36666	36689	11	0	31	0
DS571234	36666	37349	1	0	3	0
DS571234	37203	37364	2	0	6	0
DS571234	37248	37364	1	0	1	0
DS571234	37290	37439	3	0	8	0
DS571234	49730	49842	2	0	4	0
DS571234	49742	49842	1	0	3	0
DS571235	12990	13048	5	0	5	0
DS571235	25194	25248	41	0	25	0
DS571235	28935	28984	27	0	20	0
DS571235	31777	31909	9	0	26	0
DS571235	32896	32948	11	0	16	0
DS571235	35358	35405	7	0	12	0
DS571235	39305	39364	3	0	3	0
DS571235	43902	43960	232	0	302	0
DS571235	44434	44493	36	0	30	0
DS571235	45538	45589	30	0	38	0
DS571235	45942	46005	43	0	54	0
DS571235	48691	48746	83	0	72	0
DS571235	51160	51220	20	0	30	0
DS571235	51295	51347	24	0	37	0
DS571236	9072	9140	8	0	10	0
DS571236	9267	9327	11	0	12	0
DS571236	21369	21420	83	0	107	0
DS571236	22688	22739	23	0	19	0
DS571236	39000	39101	3	0	2	0
DS571237	12955	13006	5	0	6	0
DS571237	14526	14592	50	0	55	0
DS571237	21658	21725	61	0	54	0
DS571237	53195	53244	10	0	7	0
DS571238	4462	4521	33	0	28	0
DS571238	15874	15934	4	0	5	0
DS571238	16769	16824	3	0	7	0
DS571238	16957	17007	182	0	229	0
DS571238	16957	17028	1	0	1	0
DS571238	21451	21515	45	0	90	0
DS571238	34333	34382	39	0	39	0
DS571238	35550	35598	7	0	19	0
DS571239	2570	2671	619	0	862	0
DS571239	2570	2686	1	0	4	0
DS571239	2921	2978	1	0	1	0
DS571239	2921	3044	349	0	442	0
DS571239	3551	3608	184	0	228	0
DS571239	13791	13842	1	0	1	0
DS571239	13796	13842	171	0	255	0
DS571239	49018	49067	213	0	202	0
DS571240	19018	19078	10	0	7	0
DS571240	19809	19862	6	0	1	0
DS571240	19809	19867	65	0	73	0
DS571240	21423	21470	167	0	179	0
DS571240	23879	23966	3	0	4	0
DS571240	34861	34898	1	0	2	0
DS571240	36752	36991	7	0	1	0
DS571240	36872	36991	1	0	2	0
DS571240	41599	41648	24	0	35	0
DS571240	41809	41859	11	0	26	0
DS571240	41986	42043	6	0	8	0
DS571241	6783	6834	25	0	46	0
DS571241	9862	9919	3	0	3	0
DS571241	11044	11103	29	0	36	0
DS571241	13680	13733	19	0	8	0
DS571241	32365	32420	15	0	13	0
DS571241	34956	35010	10	0	8	0
DS571241	36207	36254	177	0	240	0
DS571241	41879	41941	7	0	10	0
DS571242	13021	13083	28	0	29	0
DS571242	13799	13849	17	0	22	0
DS571242	13939	13986	37	0	23	0
DS571242	17031	17084	69	0	110	0
DS571242	17846	17890	1	0	1	0
DS571242	18374	18453	1	0	9	0
DS571242	21460	21511	2	0	1	0
DS571242	21460	21516	5	0	2	0
DS571242	36657	36725	13	0	14	0
DS571242	38862	38912	21	0	17	0
DS571242	43607	43668	6	0	8	0
DS571242	45665	45802	60	0	51	0
DS571242	45665	45806	2	0	1	0
DS571242	46030	46077	178	0	169	0
DS571242	47762	47820	153	0	185	0
DS571242	47943	47993	65	0	99	0
DS571243	4356	4420	25	0	34	0
DS571243	6295	6345	47	0	61	0
DS571243	7384	7468	82	0	77	0
DS571243	9222	9277	36	0	45	0
DS571243	9916	9966	87	0	95	0
DS571243	10029	10075	76	0	76	0
DS571243	14031	14081	1	0	3	0
DS571243	14168	14229	13	0	11	0
DS571243	36310	36368	50	0	54	0
DS571243	50098	50151	64	0	71	0
DS571243	50293	50340	44	0	69	0
DS571243	50611	50661	68	0	50	0
DS571244	23919	24149	1	0	1	0
DS571244	38443	38496	1	0	4	0
DS571244	38443	38501	124	0	111	0
DS571244	41968	42100	912	0	1228	0
DS571244	45365	45480	121	0	122	0
DS571245	5566	5627	5	0	7	0
DS571245	5852	5959	1	0	1	0
DS571245	5852	5986	11	0	8	0
DS571245	10911	10959	10	0	29	0
DS571245	11164	11211	7	0	5	0
DS571245	31781	31833	4	0	1	0
DS571245	31932	31981	3	0	2	0
DS571245	32074	32120	6	0	10	0
DS571245	32635	32692	26	0	29	0
DS571246	8999	9051	2	0	1	0
DS571246	9910	9971	798	0	962	0
DS571246	16787	16841	87	0	106	0
DS571246	17251	17310	162	0	187	0
DS571246	18026	18073	2	0	4	0
DS571246	33935	33983	86	0	108	0
DS571246	41921	41985	41	0	53	0
DS571247	19969	20027	85	0	95	0
DS571247	20728	20836	33	0	21	0
DS571247	23643	23718	121	0	99	0
DS571247	25810	25858	7	0	1	0
DS571247	32871	32965	7	0	9	0
DS571247	32871	32970	310	0	373	0
DS571248	13812	13867	3	0	3	0
DS571248	14743	14819	12	0	17	0
DS571248	16094	16150	15	0	12	0
DS571248	16400	16441	17	0	19	0
DS571248	26726	26780	23	0	26	0
DS571248	31147	31242	789	0	1112	0
DS571249	9002	9065	8	0	13	0
DS571249	9093	9140	10	0	17	0
DS571249	9652	9707	5	0	6	0
DS571249	35031	35087	20	0	15	0
DS571249	40025	40065	72	0	108	0
DS571250	15989	16048	1	0	1	0
DS571250	22021	22047	2	0	2	0
DS571250	28861	28917	1	0	2	0
DS571250	29586	29645	8	0	12	0
DS571250	29841	29909	8	0	19	0
DS571250	30078	30135	4	0	8	0
DS571250	37547	37606	151	0	198	0
DS571250	41228	41286	28	0	33	0
DS571250	41999	42025	2	0	4	0
DS571250	48077	48138	1059	0	1108	0
DS571251	6515	6561	3	0	2	0
DS571251	34034	34091	3	0	5	0
DS571252	32095	32141	9	0	14	0
DS571252	35700	35810	3	0	1	0
DS571252	35700	36077	21	0	19	0
DS571253	1290	1341	5	0	7	0
DS571253	5325	5399	44	0	42	0
DS571253	5958	6016	26	0	29	0
DS571253	6135	6178	11	0	21	0
DS571253	10572	10640	6	0	4	0
DS571253	11112	11183	9	0	5	0
DS571253	20694	20750	78	0	95	0
DS571253	40554	40614	111	0	125	0
DS571254	2266	2323	58	0	46	0
DS571254	5773	5830	47	0	50	0
DS571254	13319	13372	1152	0	1186	0
DS571254	22218	22295	14	0	18	0
DS571254	22232	22295	1	0	1	0
DS571254	22823	22878	315	0	384	0
DS571254	27877	27928	13	0	10	0
DS571254	37666	37712	32	0	52	0
DS571255	18750	18823	1	0	2	0
DS571255	18762	18823	97	0	109	0
DS571255	19387	19445	105	0	91	0
DS571255	27809	27865	22	0	30	0
DS571255	28638	28687	5	0	6	0
DS571256	16050	16094	4	0	2	0
DS571256	16973	17031	775	0	1156	0
DS571256	17435	17488	2	0	1	0
DS571256	22242	22311	192	0	247	0
DS571256	30372	30425	11	0	4	0
DS571256	31075	31126	20	0	15	0
DS571256	33681	33742	1	0	5	0
DS571256	33734	33791	1	0	1	0
DS571256	34937	35002	10	0	18	0
DS571256	35311	35358	24	0	24	0
DS571256	35732	35797	277	0	354	0
DS571256	35951	36009	66	0	56	0
DS571256	38003	38055	14	0	14	0
DS571257	5168	5221	74	0	61	0
DS571257	5395	5485	61	0	74	0
DS571257	5607	5673	71	0	109	0
DS571257	7782	7820	2	0	1	0
DS571257	14864	14927	47	0	80	0
DS571257	24387	24413	1	0	1	0
DS571257	24579	24616	2	0	1	0
DS571257	27007	27058	6	0	10	0
DS571257	27141	27192	6	0	7	0
DS571257	29878	29938	3	0	9	0
DS571257	37486	37546	9	0	5	0
DS571257	37648	37712	2	0	7	0
DS571257	37661	37712	2	0	9	0
DS571257	42461	42532	87	0	73	0
DS571258	19732	19799	1	0	3	0
DS571258	33865	33920	2	0	3	0
DS571259	2151	2211	1	0	2	0
DS571259	2155	2211	67	0	100	0
DS571259	3442	3488	1	0	1	0
DS571259	4743	4802	8	0	4	0
DS571259	4757	4802	2	0	1	0
DS571259	5536	5585	3	0	5	0
DS571259	18488	18540	19	0	5	0
DS571259	33098	33147	160	0	163	0
DS571259	33289	33345	67	0	67	0
DS571259	39707	39757	7	0	7	0
DS571259	40777	40796	2	0	4	0
DS571259	41551	41598	1	0	5	0
DS571260	16034	16089	5	0	7	0
DS571260	16218	16278	2	0	16	0
DS571260	16524	16572	6	0	2	0
DS571260	17866	18089	21	0	19	0
DS571260	17978	18089	5	0	1	0
DS571260	18217	18282	31	0	41	0
DS571260	27476	27518	4	0	7	0
DS571260	27702	27746	5	0	5	0
DS571260	28448	28576	19	0	24	0
DS571260	29162	29237	25	0	28	0
DS571260	33765	33877	47	0	54	0
DS571260	37291	37349	2	0	5	0
DS571260	37901	38086	293	0	382	0
DS571260	38727	38787	225	0	264	0
DS571260	41166	41223	28	0	25	0
DS571260	42286	42338	4	0	2	0
DS571260	42508	42556	2	0	1	0
DS571261	19772	19823	24	0	19	0
DS571261	28005	28051	33	0	52	0
DS571261	30951	31023	9	0	5	0
DS571261	31611	31666	15	0	18	0
DS571261	33249	33310	64	0	90	0
DS571261	44319	44393	638	0	728	0
DS571261	46021	46064	22	0	11	0
DS571262	13672	13741	53	0	56	0
DS571262	19106	19244	13	0	5	0
DS571263	1077	1136	1	0	1	0
DS571263	1088	1136	15	0	20	0
DS571263	2893	2973	4	0	1	0
DS571263	9171	9230	4	0	8	0
DS571263	9739	9792	33	0	69	0
DS571263	9929	9974	65	0	87	0
DS571263	17099	17167	33	0	41	0
DS571263	21420	21464	36	0	28	0
DS571263	21836	21899	119	0	114	0
DS571263	22505	22550	314	0	389	0
DS571263	33365	33433	176	0	223	0
DS571263	33499	33549	157	0	195	0
DS571264	4824	4883	176	0	196	0
DS571264	4977	5052	15	0	27	0
DS571264	17252	17305	129	0	183	0
DS571264	17566	17619	61	0	45	0
DS571264	37248	37318	17	0	17	0
DS571264	39798	39888	2	0	1	0
DS571264	39953	40055	55	0	68	0
DS571264	40107	40194	15	0	18	0
DS571265	17423	17489	2	0	2	0
DS571265	17569	17642	2	0	4	0
DS571265	19459	19556	32	0	24	0
DS571265	20140	20203	23	0	15	0
DS571265	20483	20531	17	0	20	0
DS571265	20702	20766	10	0	13	0
DS571265	25571	25617	1	0	3	0
DS571265	31101	31142	2	0	1	0
DS571265	31673	31705	1	0	1	0
DS571265	36796	36844	84	0	81	0
DS571266	8292	8399	14	0	12	0
DS571266	15685	15744	46	0	69	0
DS571266	18156	18264	2	0	1	0
DS571266	21408	21464	11	0	15	0
DS571266	25845	25899	458	0	651	0
DS571266	30659	30725	67	0	97	0
DS571266	31106	31157	152	0	195	0
DS571266	31106	31160	1	0	5	0
DS571267	14228	14315	1	0	4	0
DS571267	14934	14992	1	0	1	0
DS571267	15057	15141	1	0	2	0
DS571267	29237	29294	28	0	49	0
DS571267	29681	29728	86	0	92	0
DS571267	37517	37561	63	0	58	0
DS571268	18920	19050	2	0	6	0
DS571268	25081	25225	2	0	4	0
DS571268	38222	38274	1	0	6	0
DS571268	38225	38274	98	0	98	0
DS571268	44878	44934	115	0	109	0
DS571269	18210	18263	33	0	43	0
DS571269	18210	18276	1	0	2	0
DS571270	1923	1968	140	0	141	0
DS571270	12708	12762	6	0	6	0
DS571270	21751	21801	223	0	308	0
DS571270	31042	31094	168	0	220	0
DS571270	32551	32615	69	0	80	0
DS571270	39086	39157	7	0	22	0
DS571270	41387	41433	8	0	13	0
DS571271	13151	13205	4	0	6	0
DS571271	15233	15288	17	0	10	0
DS571271	22998	23069	40	0	35	0
DS571271	27050	27092	7	0	7	0
DS571272	14631	14688	2	0	1	0
DS571272	15575	15621	178	0	178	0
DS571272	16582	16628	28	0	23	0
DS571272	16944	17012	22	0	19	0
DS571272	19137	19186	5	0	6	0
DS571272	21321	21376	2	0	3	0
DS571272	31813	31860	245	0	333	0
DS571272	32259	32314	11	0	9	0
DS571272	42496	42550	6	0	4	0
DS571273	14299	14353	12	0	12	0
DS571273	20163	20215	17	0	17	0
DS571273	20337	20386	10	0	3	0
DS571273	30177	30222	61	0	72	0
DS571273	33731	34002	82	0	110	0
DS571273	33945	34002	1	0	2	0
DS571273	33950	34002	8	0	13	0
DS571273	38166	38212	70	0	71	0
DS571275	6247	6295	1	0	1	0
DS571275	9430	9478	19	0	14	0
DS571275	12722	12771	375	0	395	0
DS571275	13051	13108	379	0	457	0
DS571275	18301	18352	61	0	59	0
DS571275	20276	20337	521	0	660	0
DS571275	22384	22427	4	0	2	0
DS571275	26188	26247	103	0	140	0
DS571275	29103	29150	11	0	12	0
DS571275	30809	30866	45	0	46	0
DS571276	4026	4074	42	0	43	0
DS571276	4026	4081	3	0	1	0
DS571276	4920	4977	13	0	7	0
DS571276	5616	5663	6	0	2	0
DS571276	6591	6691	1	0	1	0
DS571276	14392	14694	8	0	3	0
DS571276	28957	29014	1	0	1	0
DS571276	32395	32469	62	0	74	0
DS571276	33386	33436	220	0	235	0
DS571276	33386	33439	2	0	1	0
DS571276	33526	33627	1	0	2	0
DS571276	33567	33627	224	0	258	0
DS571276	34920	35159	325	0	398	0
DS571276	35244	35357	347	0	394	0
DS571277	13849	13934	1	0	1	0
DS571277	13945	14001	1	0	3	0
DS571277	25521	25579	7	0	3	0
DS571277	25758	25814	45	0	52	0
DS571277	25758	25844	3	0	1	0
DS571277	26181	26231	50	0	56	0
DS571277	26366	26418	47	0	37	0
DS571277	28404	28465	1	0	2	0
DS571277	38690	38891	3	0	3	0
DS571277	41346	41484	68	0	110	0
DS571278	18787	18860	23	0	20	0
DS571278	28816	28868	7	0	4	0
DS571278	29140	29192	13	0	9	0
DS571278	29470	29544	6	0	9	0
DS571278	29640	29692	6	0	5	0
DS571278	31774	31819	19	0	8	0
DS571278	33129	33181	27	0	26	0
DS571278	33947	33991	187	0	214	0
DS571278	34147	34229	123	0	156	0
DS571279	803	851	106	0	134	0
DS571279	803	878	5	0	2	0
DS571279	3649	3694	139	0	126	0
DS571279	10143	10190	16	0	18	0
DS571279	21305	21342	2	0	1	0
DS571279	33622	33675	64	0	63	0
DS571279	35653	35708	3	0	6	0
DS571279	42370	42427	26	0	32	0
DS571280	20399	20452	67	0	58	0
DS571280	21566	21628	33	0	28	0
DS571280	24507	24578	14	0	17	0
DS571280	28506	28552	11	0	4	0
DS571281	6112	6161	145	0	225	0
DS571281	6112	6170	5	0	2	0
DS571281	25453	25500	25	0	17	0
DS571281	25456	25500	1	0	2	0
DS571281	26061	26132	55	0	51	0
DS571282	12682	12729	136	0	171	0
DS571282	26325	26406	14	0	18	0
DS571282	26459	26516	10	0	25	0
DS571283	1513	1575	93	0	129	0
DS571283	3138	3189	3	0	6	0
DS571283	3146	3189	413	0	550	0
DS571283	3357	3407	201	0	170	0
DS571283	29588	29652	1	0	1	0
DS571284	13775	13807	1	0	1	0
DS571284	14889	14935	13	0	25	0
DS571284	15614	15658	10	0	8	0
DS571284	15787	15839	10	0	10	0
DS571284	16110	16161	9	0	5	0
DS571284	16207	16261	10	0	6	0
DS571284	31687	31793	6	0	3	0
DS571284	31765	31821	8	0	14	0
DS571284	31765	31823	5	0	9	0
DS571284	32234	32320	2	0	1	0
DS571284	34062	34177	1	0	1	0
DS571286	26182	26237	21	0	13	0
DS571286	30268	30319	3644	0	5112	0
DS571286	30838	30889	6	0	11	0
DS571286	30838	30897	359	0	361	0
DS571286	31529	31576	10	0	6	0
DS571286	31851	31901	9	0	8	0
DS571286	32063	32139	3	0	8	0
DS571286	32626	32859	978	0	1084	0
DS571287	10231	10353	15	0	17	0
DS571287	12390	12438	69	0	76	0
DS571287	12925	13099	81	0	122	0
DS571287	13244	13396	74	0	88	0
DS571287	27966	28023	2	0	4	0
DS571287	31127	31198	1	0	2	0
DS571287	31152	31198	196	0	303	0
DS571287	37291	37380	7	0	1	0
DS571288	14966	15028	3	0	1	0
DS571288	16820	16884	1	0	3	0
DS571289	24534	24580	41	0	64	0
DS571289	25281	25347	17	0	27	0
DS571290	3286	3337	4	0	5	0
DS571290	26463	26510	3	0	4	0
DS571291	9911	9969	5	0	3	0
DS571291	10327	10385	48	0	61	0
DS571291	10844	10898	27	0	27	0
DS571291	12614	12685	5	0	6	0
DS571291	15559	15610	6	0	8	0
DS571291	15559	15613	45	0	53	0
DS571291	25194	25252	56	0	72	0
DS571291	26088	26142	3	0	6	0
DS571292	15607	15668	42	0	68	0
DS571292	17206	17256	2	0	1	0
DS571292	17206	17280	4	0	1	0
DS571292	17836	17886	4	0	4	0
DS571292	20247	20299	10	0	18	0
DS571292	21086	21130	8	0	11	0
DS571292	21320	21382	9	0	18	0
DS571292	21473	21524	16	0	32	0
DS571292	21624	21673	25	0	44	0
DS571292	24075	24124	87	0	143	0
DS571292	25001	25051	44	0	49	0
DS571292	36252	36380	1	0	5	0
DS571293	9183	9227	11	0	3	0
DS571293	17366	17432	48	0	58	0
DS571293	17875	17924	20	0	34	0
DS571293	18452	18535	22	0	30	0
DS571293	18845	18900	31	0	19	0
DS571293	20434	20497	15	0	18	0
DS571293	32550	32628	476	0	596	0
DS571294	4507	4646	2529	0	2507	0
DS571294	7797	7844	95	0	117	0
DS571294	7992	8040	3	0	3	0
DS571294	7998	8040	464	0	703	0
DS571294	12714	12765	43	0	29	0
DS571294	13533	13584	182	0	137	0
DS571294	13808	13859	173	0	144	0
DS571294	14816	14874	2	0	1	0
DS571294	37067	37118	2	0	2	0
DS571295	15009	15078	116	0	133	0
DS571295	23462	23511	359	0	425	0
DS571295	23566	23608	468	0	584	0
DS571295	23566	23612	4	0	3	0
DS571295	23979	24027	302	0	434	0
DS571295	28579	28632	38	0	37	0
DS571295	36259	36308	137	0	176	0
DS571296	3232	3278	1	0	1	0
DS571296	6615	6773	4	0	3	0
DS571296	10177	10502	69	0	63	0
DS571296	15659	15846	124	0	151	0
DS571296	15927	15983	87	0	121	0
DS571296	16839	16921	188	0	192	0
DS571296	17644	17698	1	0	1	0
DS571296	25257	25331	59	0	55	0
DS571296	27060	27105	47	0	67	0
DS571297	6817	6863	3	0	1	0
DS571297	7182	7248	2	0	4	0
DS571297	8107	8155	5	0	5	0
DS571297	14490	14539	21	0	34	0
DS571297	18051	18112	47	0	44	0
DS571297	22678	22739	3	0	4	0
DS571297	22678	22756	2	0	3	0
DS571297	22678	22761	24	0	53	0
DS571297	24782	24977	29	0	38	0
DS571297	35472	35530	76	0	88	0
DS571298	33296	33580	1	0	1	0
DS571298	33581	33634	1	0	1	0
DS571298	34905	34948	19	0	16	0
DS571299	14602	14669	370	0	560	0
DS571299	25390	25461	65	0	119	0
DS571299	26269	26330	34	0	38	0
DS571299	26712	26782	1	0	1	0
DS571299	33822	33873	32	0	26	0
DS571299	36227	36301	40	0	77	0
DS571299	36254	36301	8	0	8	0
DS571299	36400	36457	55	0	71	0
DS571300	7503	7554	482	0	607	0
DS571301	3166	3224	11	0	3	0
DS571301	23162	23205	13	0	15	0
DS571301	24980	25037	1	0	2	0
DS571301	24986	25037	51	0	74	0
DS571301	25114	25177	54	0	72	0
DS571301	32022	32098	2	0	1	0
DS571302	424	475	2	0	4	0
DS571302	20993	21071	28	0	28	0
DS571302	22597	22655	16	0	12	0
DS571302	22918	22963	7	0	13	0
DS571302	33842	33892	121	0	138	0
DS571303	14262	14337	82	0	76	0
DS571303	17760	17828	13	0	13	0
DS571303	17882	17943	15	0	15	0
DS571303	19638	19692	142	0	124	0
DS571303	19856	19912	94	0	85	0
DS571303	20033	20092	39	0	35	0
DS571303	30966	31041	1	0	2	0
DS571303	30966	31050	7	0	6	0
DS571303	32338	32396	49	0	77	0
DS571304	18935	18989	2	0	1	0
DS571304	21859	21918	421	0	471	0
DS571304	22031	22084	1	0	2	0
DS571304	23601	23651	3	0	11	0
DS571304	24180	24241	9	0	15	0
DS571304	25591	25708	10	0	4	0
DS571304	31362	31413	144	0	216	0
DS571305	6681	6734	43	0	39	0
DS571305	7085	7134	49	0	54	0
DS571305	9101	9144	52	0	46	0
DS571305	9396	9480	19	0	25	0
DS571305	11243	11326	26	0	17	0
DS571305	12274	12326	8	0	14	0
DS571306	5805	5862	60	0	39	0
DS571306	6031	6099	43	0	36	0
DS571306	6295	6354	45	0	42	0
DS571306	7300	7355	5	0	5	0
DS571306	27946	28006	18	0	18	0
DS571307	8368	8416	11	0	10	0
DS571307	9442	9488	60	0	79	0
DS571307	9605	9650	48	0	69	0
DS571307	11310	11366	181	0	201	0
DS571307	28669	28722	88	0	75	0
DS571307	29004	29055	51	0	46	0
DS571307	35078	35121	152	0	154	0
DS571308	6381	6435	2	0	1	0
DS571309	5703	5753	15	0	20	0
DS571309	8789	8838	4	0	9	0
DS571309	11145	11190	2	0	1	0
DS571309	11366	11468	45	0	42	0
DS571309	11377	11468	1	0	1	0
DS571309	21153	21214	18	0	14	0
DS571309	28065	28116	14	0	19	0
DS571310	1530	1582	193	0	171	0
DS571310	8961	9020	158	0	233	0
DS571311	13095	13148	1	0	2	0
DS571311	13810	13876	71	0	66	0
DS571311	14365	14426	139	0	149	0
DS571311	33278	33322	8	0	14	0
DS571311	33566	33629	9	0	14	0
DS571312	7669	7725	121	0	140	0
DS571312	14999	15032	16	0	14	0
DS571312	17325	17351	2	0	3	0
DS571313	7623	7684	358	0	507	0
DS571313	8313	8369	406	0	411	0
DS571313	9128	9185	131	0	115	0
DS571313	9544	9604	19	0	8	0
DS571313	13360	13551	1	0	1	0
DS571313	13398	13548	7	0	4	0
DS571313	13398	13551	570	0	766	0
DS571313	26821	26928	1	0	1	0
DS571313	26821	27156	1	0	4	0
DS571313	26929	27042	5	0	11	0
DS571313	26929	27156	12	0	23	0
DS571313	26983	27096	9	0	16	0
DS571313	27010	27123	4	0	2	0
DS571313	27043	27156	1	0	4	0
DS571313	27680	27725	14	0	11	0
DS571313	27872	27938	7	0	7	0
DS571314	6965	7017	9	0	19	0
DS571314	7261	7325	17	0	13	0
DS571314	11288	11620	5	0	11	0
DS571314	11344	11454	111	0	164	0
DS571314	11344	11565	15	0	19	0
DS571314	11439	11549	31	0	52	0
DS571314	30271	30335	128	0	123	0
DS571314	34931	34989	11	0	8	0
DS571315	5571	5705	53	0	49	0
DS571315	10350	10427	28	0	24	0
DS571315	11215	11261	21	0	24	0
DS571315	11220	11261	1	0	1	0
DS571315	12833	12916	7	0	3	0
DS571315	13111	13158	6	0	8	0
DS571315	21104	21164	2	0	1	0
DS571315	22168	22228	1	0	1	0
DS571315	22170	22228	1	0	2	0
DS571315	24657	24797	115	0	151	0
DS571315	28658	28707	346	0	476	0
DS571315	30189	30235	2	0	1	0
DS571315	33187	33246	3	0	2	0
DS571316	4734	4781	10	0	7	0
DS571316	5289	5337	78	0	78	0
DS571316	5586	5639	1	0	1	0
DS571316	5593	5639	141	0	136	0
DS571316	12022	12075	825	0	1223	0
DS571316	12584	12759	2	0	1	0
DS571316	26041	26111	16	0	16	0
DS571316	29610	29661	78	0	84	0
DS571317	3965	4018	207	0	198	0
DS571317	4323	4382	394	0	468	0
DS571317	5633	5680	46	0	57	0
DS571317	5746	5793	45	0	64	0
DS571317	7936	7985	3	0	3	0
DS571317	19513	19581	2	0	3	0
DS571317	20853	20907	27	0	35	0
DS571317	22732	22784	1	0	6	0
DS571317	23801	23866	20	0	13	0
DS571318	2016	2086	28	0	25	0
DS571318	8248	8507	1	0	4	0
DS571318	20599	20717	2	0	3	0
DS571318	31111	31217	1	0	2	0
DS571318	31528	31591	7	0	8	0
DS571319	1630	1687	3	0	7	0
DS571319	4497	4590	1	0	1	0
DS571319	14853	14931	64	0	62	0
DS571319	15854	15981	93	0	108	0
DS571319	16235	16302	170	0	231	0
DS571320	1988	2041	8	0	6	0
DS571320	2448	2502	13	0	3	0
DS571320	26568	26611	24	0	12	0
DS571320	27294	27344	1	0	2	0
DS571320	27955	28011	25	0	42	0
DS571321	6613	6690	16	0	15	0
DS571321	6853	6919	6	0	15	0
DS571322	11444	11652	353	0	446	0
DS571322	16798	16853	19	0	17	0
DS571322	19258	19304	11	0	11	0
DS571323	8461	8512	7	0	12	0
DS571323	8583	8627	19	0	39	0
DS571323	14316	14451	26	0	37	0
DS571323	17264	17320	265	0	301	0
DS571323	27749	27851	1123	0	1411	0
DS571324	15939	15987	44	0	63	0
DS571326	8698	8766	4	0	4	0
DS571326	11494	11546	2	0	2	0
DS571326	15225	15362	1	0	3	0
DS571326	18249	18312	7	0	7	0
DS571326	18917	18966	3	0	4	0
DS571326	19975	20039	1	0	3	0
DS571326	24343	24415	88	0	160	0
DS571327	3367	3472	1	0	3	0
DS571327	11102	11150	5	0	7	0
DS571327	12107	12155	12	0	10	0
DS571327	13057	13099	27	0	23	0
DS571327	13307	13383	54	0	65	0
DS571327	13770	13825	6	0	8	0
DS571327	15651	15693	11	0	5	0
DS571327	19547	19591	74	0	73	0
DS571327	25214	25276	12	0	12	0
DS571328	19037	19093	146	0	134	0
DS571328	31949	32004	7	0	7	0
DS571329	8701	8756	31	0	42	0
DS571329	8918	8976	27	0	31	0
DS571329	13186	13242	44	0	36	0
DS571329	13288	13341	41	0	25	0
DS571329	22114	22169	4	0	3	0
DS571330	10924	10976	14	0	17	0
DS571330	13618	13664	10	0	11	0
DS571330	14209	14264	39	0	46	0
DS571330	14429	14481	33	0	25	0
DS571330	20057	20116	4	0	4	0
DS571330	24931	25007	4	0	8	0
DS571330	29860	29913	116	0	154	0
DS571330	30003	30071	152	0	187	0
DS571330	30250	30307	125	0	164	0
DS571331	2358	2414	80	0	70	0
DS571331	2761	2804	95	0	104	0
DS571331	6943	7003	25	0	43	0
DS571331	6943	7005	1	0	3	0
DS571331	7061	7180	28	0	51	0
DS571331	7405	7478	24	0	29	0
DS571331	7737	7781	17	0	30	0
DS571331	10903	10966	15	0	21	0
DS571331	14056	14115	4	0	1	0
DS571331	19148	19201	3	0	2	0
DS571331	20042	20112	10	0	5	0
DS571331	21973	22036	112	0	172	0
DS571332	5927	5972	199	0	287	0
DS571332	8201	8256	294	0	355	0
DS571332	14696	14763	70	0	66	0
DS571332	15387	15439	24	0	16	0
DS571332	16062	16105	41	0	43	0
DS571332	22628	22682	1	0	1	0
DS571332	28905	28961	208	0	219	0
DS571332	30856	30908	217	0	220	0
DS571335	13958	14008	8	0	6	0
DS571335	18735	18781	9	0	13	0
DS571335	26041	26092	4	0	5	0
DS571336	4402	4457	26	0	15	0
DS571336	8422	8501	55	0	45	0
DS571336	18351	18395	28	0	33	0
DS571337	15036	15080	14	0	21	0
DS571337	15362	15413	7	0	10	0
DS571337	15978	16025	17	0	13	0
DS571337	16564	16616	69	0	59	0
DS571337	16659	16714	56	0	56	0
DS571337	16988	17038	61	0	72	0
DS571337	17417	17475	64	0	67	0
DS571337	17886	17934	75	0	101	0
DS571337	19465	19517	47	0	71	0
DS571337	20352	20463	2	0	1	0
DS571337	20364	20426	270	0	285	0
DS571337	20736	20802	110	0	112	0
DS571337	20736	20806	1	0	2	0
DS571337	20907	20997	96	0	122	0
DS571337	26576	26632	17	0	18	0
DS571337	26919	26995	11	0	8	0
DS571337	27100	27152	13	0	8	0
DS571337	27465	27512	26	0	15	0
DS571338	3512	3570	33	0	17	0
DS571338	3581	3740	21	0	24	0
DS571338	3604	3740	2	0	2	0
DS571338	3640	3740	2	0	4	0
DS571338	3660	3740	1	0	1	0
DS571338	11940	11992	79	0	96	0
DS571338	12140	12207	5	0	3	0
DS571339	8841	8899	12	0	22	0
DS571339	22867	22926	3	0	6	0
DS571339	26510	26568	67	0	85	0
DS571339	27315	27384	5	0	3	0
DS571339	29122	29191	13	0	14	0
DS571340	11776	11822	5	0	3	0
DS571342	13113	13240	1	0	1	0
DS571342	13171	13240	7	0	5	0
DS571342	15014	15074	40	0	44	0
DS571344	12529	12582	50	0	51	0
DS571344	12714	12792	17	0	13	0
DS571344	21242	21312	4	0	3	0
DS571344	24817	24880	6	0	5	0
DS571344	24944	24999	9	0	10	0
DS571345	3617	3660	28	0	29	0
DS571345	7630	7683	208	0	259	0
DS571345	7878	7940	124	0	99	0
DS571345	10249	10313	17	0	9	0
DS571345	22698	22759	3	0	7	0
DS571346	1114	1273	2256	0	2805	0
DS571346	5992	6050	42	0	68	0
DS571346	11287	11341	1	0	1	0
DS571346	11409	11457	2	0	1	0
DS571346	13488	13547	63	0	83	0
DS571346	26103	26200	1	0	4	0
DS571346	27507	27556	24	0	25	0
DS571347	5754	5809	31	0	25	0
DS571347	6378	6427	7	0	7	0
DS571347	9573	9628	15	0	25	0
DS571347	9746	9789	23	0	29	0
DS571347	16368	16464	231	0	269	0
DS571347	16753	16809	17	0	40	0
DS571347	20084	20145	22	0	22	0
DS571349	3865	3910	51	0	45	0
DS571349	8204	8270	3	0	5	0
DS571349	8864	8921	6	0	5	0
DS571349	9120	9169	7	0	3	0
DS571349	10984	11112	3	0	3	0
DS571349	24351	24411	179	0	224	0
DS571349	26454	26527	17	0	14	0
DS571349	26652	26698	23	0	23	0
DS571350	1647	1725	4	0	10	0
DS571350	28489	28545	1	0	3	0
DS571351	987	1048	24	0	36	0
DS571351	9953	10001	8	0	6	0
DS571351	15858	15928	28	0	13	0
DS571351	17072	17130	28	0	28	0
DS571351	18124	18182	128	0	144	0
DS571351	22027	22083	50	0	52	0
DS571352	13296	13346	17	0	20	0
DS571352	13624	13672	107	0	56	0
DS571352	17169	17221	58	0	70	0
DS571353	10460	10527	36	0	20	0
DS571353	11863	11994	39	0	45	0
DS571353	12747	12958	1	0	1	0
DS571353	14069	14148	28	0	25	0
DS571353	14195	14260	25	0	22	0
DS571353	14695	14776	3	0	2	0
DS571353	23962	24009	45	0	156	0
DS571355	7033	7082	44	0	59	0
DS571355	18931	18989	3	0	1	0
DS571356	9076	9164	76	0	72	0
DS571356	15879	15992	41	0	57	0
DS571356	16972	17018	44	0	34	0
DS571356	17243	17319	15	0	15	0
DS571356	22443	22493	2	0	4	0
DS571356	24389	24454	9	0	7	0
DS571357	5684	5736	9	0	13	0
DS571357	13000	13077	2	0	1	0
DS571357	13000	13129	2	0	3	0
DS571357	13801	13862	15	0	25	0
DS571357	14034	14087	19	0	24	0
DS571357	22295	22351	2	0	6	0
DS571358	5045	5123	1	0	1	0
DS571358	13852	13900	21	0	32	0
DS571358	14238	14307	43	0	43	0
DS571358	20209	20263	5	0	4	0
DS571359	21324	21451	6	0	8	0
DS571360	25198	25242	55	0	107	0
DS571361	10567	10612	128	0	153	0
DS571361	12088	12295	7	0	4	0
DS571361	12105	12295	1	0	2	0
DS571361	12176	12295	37	0	30	0
DS571361	12190	12303	11	0	6	0
DS571361	13856	13913	171	0	200	0
DS571361	25382	25439	10	0	30	0
DS571362	16769	16821	62	0	69	0
DS571364	18400	18439	3	0	3	0
DS571365	6820	6870	140	0	168	0
DS571365	8665	8722	22	0	18	0
DS571365	10366	10431	15	0	19	0
DS571367	6048	6116	138	0	162	0
DS571367	15643	15707	3	0	1	0
DS571367	15769	15838	4	0	5	0
DS571368	8145	8192	117	0	102	0
DS571370	4275	4348	69	0	66	0
DS571370	5639	5707	336	0	503	0
DS571370	5649	5707	6	0	5	0
DS571370	6409	6462	71	0	92	0
DS571370	7525	7603	13	0	12	0
DS571370	9063	9123	9	0	3	0
DS571370	21532	21579	43	0	45	0
DS571371	4144	4192	10	0	19	0
DS571371	23779	23830	208	0	365	0
DS571372	3867	3923	1	0	1	0
DS571372	4158	4215	213	0	286	0
DS571372	12003	12082	27	0	50	0
DS571373	6969	7013	114	0	158	0
DS571373	12865	12911	141	0	169	0
DS571373	13519	13576	7	0	13	0
DS571373	19332	19400	14	0	19	0
DS571373	20981	21036	22	0	18	0
DS571374	3300	3344	22	0	24	0
DS571374	4357	4401	3	0	5	0
DS571374	18031	18092	73	0	83	0
DS571376	1955	2007	36	0	40	0
DS571377	6804	6850	126	0	95	0
DS571377	10891	10940	8	0	10	0
DS571377	13611	13661	14	0	16	0
DS571378	4046	4128	268	0	346	0
DS571378	7274	7333	1	0	1	0
DS571379	19532	19621	21	0	13	0
DS571380	847	942	7	0	5	0
DS571380	847	966	3	0	8	0
DS571380	847	990	8	0	4	0
DS571380	847	1014	20	0	21	0
DS571380	871	942	4	0	3	0
DS571380	871	990	5	0	11	0
DS571380	871	1014	18	0	37	0
DS571380	919	942	3	0	8	0
DS571380	919	990	3	0	2	0
DS571380	919	1014	45	0	45	0
DS571380	14501	14551	3	0	5	0
DS571380	14634	14687	2	0	6	0
DS571380	15174	15230	2	0	3	0
DS571380	20443	20519	5	0	4	0
DS571380	21922	21983	9	0	7	0
DS571381	3568	3620	304	0	328	0
DS571381	8786	8851	1	0	1	0
DS571381	13771	13824	19	0	46	0
DS571381	19678	19778	10	0	12	0
DS571382	9617	9707	88	0	103	0
DS571382	13397	13485	4	0	7	0
DS571382	13864	14049	2	0	3	0
DS571382	13864	14110	5	0	3	0
DS571383	6326	6415	1	0	1	0
DS571383	6326	6552	315	0	352	0
DS571384	2617	2666	4	0	11	0
DS571384	3368	3433	54	0	63	0
DS571384	6204	6265	2	0	4	0
DS571384	9618	9796	218	0	295	0
DS571385	23219	23264	42	0	62	0
DS571386	8601	8650	32	0	35	0
DS571386	9236	9299	52	0	63	0
DS571386	11047	11115	13	0	23	0
DS571386	11317	11367	14	0	6	0
DS571386	16680	16744	39	0	55	0
DS571387	5252	5342	87	0	131	0
DS571387	10855	10923	4	0	6	0
DS571387	11035	11058	12	0	14	0
DS571388	15190	15234	7	0	6	0
DS571388	15988	16047	5	0	4	0
DS571388	16869	16939	6	0	4	0
DS571389	19668	19738	59	0	63	0
DS571390	5979	6030	81	0	91	0
DS571390	16247	16299	139	0	244	0
DS571390	16829	16877	41	0	32	0
DS571390	16833	16877	3	0	2	0
DS571390	20577	20633	31	0	49	0
DS571390	20790	21014	41	0	47	0
DS571390	21991	22039	36	0	44	0
DS571390	22148	22192	46	0	52	0
DS571392	3121	3183	198	0	252	0
DS571392	10332	10373	2	0	4	0
DS571393	5394	5439	94	0	117	0
DS571394	16567	16627	66	0	65	0
DS571394	16917	16990	75	0	88	0
DS571396	5210	5279	23	0	36	0
DS571396	11450	11583	71	0	88	0
DS571397	9766	9867	22	0	32	0
DS571397	9819	9867	1	0	1	0
DS571397	9952	10059	25	0	33	0
DS571397	9971	10059	1	0	2	0
DS571397	13647	13702	5	0	12	0
DS571397	17858	18059	2004	0	2327	0
DS571398	13705	13845	1	0	2	0
DS571398	13705	13859	127	0	191	0
DS571398	16081	16139	37	0	42	0
DS571400	2427	2485	3	0	1	0
DS571400	4217	4280	30	0	38	0
DS571400	5190	5239	21	0	14	0
DS571400	7275	7324	219	0	260	0
DS571400	7514	7566	150	0	149	0
DS571400	16268	16315	32	0	22	0
DS571400	16445	16489	30	0	25	0
DS571400	18156	18205	59	0	76	0
DS571401	5965	6015	18	0	18	0
DS571401	6470	6536	111	0	152	0
DS571401	16365	16426	63	0	66	0
DS571402	7257	7305	19	0	12	0
DS571402	13090	13140	23	0	19	0
DS571403	13445	13515	2	0	2	0
DS571403	16988	17042	2	0	4	0
DS571403	17565	17615	246	0	303	0
DS571403	18026	18127	13	0	21	0
DS571405	1643	1699	171	0	267	0
DS571405	2271	2334	14	0	17	0
DS571405	2496	2557	19	0	28	0
DS571405	5444	5509	8	0	2	0
DS571406	11330	11383	49	0	62	0
DS571406	11596	11688	38	0	57	0
DS571406	13700	13751	10	0	15	0
DS571408	3966	4035	103	0	88	0
DS571408	4361	4410	60	0	67	0
DS571408	4584	4643	10	0	7	0
DS571408	8394	8454	5	0	5	0
DS571408	10793	10836	146	0	218	0
DS571408	12551	12598	3	0	7	0
DS571410	9535	9561	2	0	3	0
DS571411	5294	5351	316	0	351	0
DS571411	10493	10542	5	0	2	0
DS571411	13416	13481	44	0	55	0
DS571413	12388	12443	36	0	31	0
DS571413	15616	15663	20	0	10	0
DS571413	15616	15697	2	0	1	0
DS571414	10814	10871	398	0	504	0
DS571414	15673	15721	160	0	194	0
DS571414	16438	16489	81	0	68	0
DS571416	2889	2946	3	0	3	0
DS571416	5518	5572	18	0	25	0
DS571416	5960	6007	14	0	10	0
DS571416	6240	6325	4	0	5	0
DS571416	8085	8133	19	0	20	0
DS571416	16650	16710	152	0	157	0
DS571417	12672	12720	6	0	6	0
DS571417	13579	13645	1	0	2	0
DS571418	4663	4708	27	0	23	0
DS571418	7928	7980	4	0	7	0
DS571418	10953	11004	13	0	23	0
DS571421	6743	6798	1	0	3	0
DS571422	5963	6007	67	0	88	0
DS571422	6808	6885	75	0	97	0
DS571422	7183	7250	307	0	432	0
DS571423	8171	8224	20	0	37	0
DS571423	12087	12131	2	0	1	0
DS571424	12511	12568	76	0	116	0
DS571425	11346	11413	11	0	8	0
DS571425	17908	17956	7	0	5	0
DS571425	19053	19096	1	0	3	0
DS571427	3975	4023	15	0	26	0
DS571427	4390	4444	36	0	21	0
DS571429	4979	5107	1	0	1	0
DS571429	11590	11647	29	0	32	0
DS571430	11298	11357	193	0	250	0
DS571430	17332	17411	32	0	43	0
DS571430	17827	17885	7	0	1	0
DS571430	17827	18010	1	0	6	0
DS571430	18322	18381	802	0	964	0
DS571431	497	549	105	0	145	0
DS571431	6190	6246	175	0	188	0
DS571431	10942	10994	30	0	27	0
DS571431	12413	12466	9	0	8	0
DS571431	12553	12632	12	0	12	0
DS571431	14718	14796	1	0	1	0
DS571431	14718	14800	145	0	179	0
DS571431	15194	15248	372	0	577	0
DS571432	6568	6624	11	0	12	0
DS571432	8183	8239	2	0	2	0
DS571436	10725	10773	15	0	25	0
DS571436	10886	10945	37	0	40	0
DS571436	11055	11099	27	0	27	0
DS571437	15400	15451	28	0	25	0
DS571438	2573	2627	11	0	7	0
DS571438	2754	2825	1	0	1	0
DS571438	4638	4704	31	0	37	0
DS571438	4778	4907	280	0	287	0
DS571438	5004	5064	13	0	21	0
DS571438	5187	5240	215	0	326	0
DS571438	5751	5805	15	0	25	0
DS571438	10166	10220	121	0	153	0
DS571439	9346	9407	1	0	2	0
DS571439	11487	11544	31	0	21	0
DS571439	13061	13124	11	0	10	0
DS571439	13491	13538	126	0	150	0
DS571439	13822	13872	182	0	235	0
DS571440	7314	7375	45	0	44	0
DS571441	12425	12481	105	0	113	0
DS571442	6359	6411	4	0	1	0
DS571443	9585	9653	2	0	1	0
DS571443	10847	10898	1	0	1	0
DS571444	2809	2860	26	0	37	0
DS571446	9848	9902	29	0	55	0
DS571447	2831	2902	33	0	27	0
DS571448	8287	8338	12	0	9	0
DS571448	8432	8485	15	0	10	0
DS571448	8909	9008	10	0	7	0
DS571450	10119	10163	11	0	13	0
DS571451	14833	14886	11	0	8	0
DS571452	11683	11745	71	0	91	0
DS571453	3199	3302	2	0	3	0
DS571459	9895	9948	409	0	555	0
DS571459	11689	11755	3	0	3	0
DS571463	12693	12738	8	0	10	0
DS571463	14950	15036	476	0	621	0
DS571466	12526	12576	11	0	17	0
DS571466	14058	14207	1	0	1	0
DS571471	1999	2056	190	0	145	0
DS571471	9263	9311	5	0	2	0
DS571475	389	432	8	0	11	0
DS571480	14459	14484	13	0	4	0
DS571481	9668	9773	2246	0	3004	0
DS571481	11988	12034	43	0	41	0
DS571481	12233	12281	49	0	53	0
DS571482	1178	1231	40	0	57	0
DS571482	9065	9117	28	0	28	0
DS571484	2222	2301	3	0	4	0
DS571485	9808	9879	9	0	7	0
DS571486	11973	12056	71	0	89	0
DS571487	3639	3689	32	0	22	0
DS571487	3645	3689	1	0	2	0
DS571487	5286	5353	6	0	6	0
DS571487	9717	9769	196	0	221	0
DS571488	5963	6020	121	0	171	0
DS571488	9974	10024	26	0	30	0
DS571488	11222	11266	7	0	4	0
DS571489	7657	7714	833	0	948	0
DS571490	6799	7004	3	0	1	0
DS571490	10415	10484	3	0	2	0
DS571493	3649	3697	82	0	89	0
DS571494	10925	11066	12	0	9	0
DS571495	3604	3655	17	0	13	0
DS571498	2541	2596	93	0	113	0
DS571500	9994	10038	28	0	23	0
DS571506	1446	1506	1	0	1	0
DS571506	4835	4926	839	0	1129	0
DS571507	1285	1346	16	0	21	0
DS571507	2487	2550	22	0	35	0
DS571507	9145	9234	5	0	13	0
DS571508	4275	4301	2	0	2	0
DS571508	4824	4868	6	0	5	0
DS571508	4927	5073	331	0	485	0
DS571508	5218	5275	216	0	355	0
DS571516	7342	7394	58	0	60	0
DS571517	2784	2851	6	0	3	0
DS571517	3052	3186	3	0	7	0
DS571522	3369	3419	9	0	9	0
DS571522	3507	3549	9	0	10	0
DS571522	4862	5011	4	0	11	0
DS571522	4865	5011	48	0	69	0
DS571525	4707	4762	50	0	60	0
DS571528	2545	2610	4	0	10	0
DS571528	2786	2830	5	0	7	0
DS571528	7343	7403	78	0	77	0
DS571528	7347	7403	1	0	7	0
DS571528	7955	8017	634	0	981	0
DS571534	6060	6119	13	0	17	0
DS571534	7492	7568	17	0	12	0
DS571534	7915	7969	18	0	21	0
DS571534	9201	9261	58	0	53	0
DS571537	5328	5351	5	0	5	0
DS571537	5346	5366	5	0	3	0
DS571539	738	788	13	0	19	0
DS571539	918	971	12	0	7	0
DS571539	1332	1384	1	0	1	0
DS571539	7105	7156	50	0	47	0
DS571542	6521	6581	6	0	9	0
DS571542	6715	6776	8	0	11	0
DS571546	4647	4794	541	0	529	0
DS571546	5960	6037	1	0	1	0
DS571546	6663	6719	104	0	73	0
DS571547	1534	1583	187	0	232	0
DS571547	2279	2329	3	0	6	0
DS571547	4235	4289	14	0	14	0
DS571547	7115	7183	79	0	94	0
DS571558	6144	6491	30	0	26	0
DS571560	6623	6689	2	0	3	0
DS571560	7549	7597	4	0	3	0
DS571561	1764	2048	16	0	21	0
DS571561	2652	2733	9	0	5	0
DS571561	4329	4397	1	0	2	0
DS571561	4565	4616	11	0	9	0
DS571561	5212	5295	279	0	335	0
DS571562	3750	3786	22	0	12	0
DS571569	3168	3211	27	0	17	0
DS571571	9973	10032	1	0	1	0
DS571578	2244	2335	1	0	1	0
DS571578	2244	2349	448	0	520	0
DS571579	1794	1850	12	0	26	0
DS571579	4788	4846	8	0	13	0
DS571581	1113	1172	1	0	1	0
DS571587	4230	4296	1	0	2	0
DS571587	4615	4661	1	0	1	0
DS571588	305	352	6	0	18	0
DS571588	784	841	14	0	21	0
DS571588	1573	1631	28	0	22	0
DS571588	1736	1797	44	0	33	0
DS571588	6591	6642	33	0	46	0
DS571588	8347	8406	11	0	18	0
DS571591	7583	7636	4	0	4	0
DS571594	4187	4241	52	0	66	0
DS571594	4948	4999	6	0	4	0
DS571594	4948	5004	1	0	2	0
DS571600	7518	7588	1	0	1	0
DS571600	8119	8182	715	0	997	0
DS571602	3175	3235	8	0	5	0
DS571605	5224	5294	73	0	85	0
DS571607	4487	4587	11	0	6	0
DS571607	5979	6033	85	0	105	0
DS571607	6258	6303	27	0	39	0
DS571609	5556	5644	61	0	46	0
DS571622	4234	4432	2	0	3	0
DS571622	4234	4449	66	0	80	0
DS571623	7445	7497	16	0	27	0
DS571641	129	177	2	0	4	0
DS571641	971	1030	1	0	1	0
DS571643	3647	3708	7	0	7	0
DS571643	4024	4090	7	0	11	0
DS571646	4860	4916	18	0	14	0
DS571646	5509	5581	3	0	5	0
DS571646	5708	5765	2	0	4	0
DS571653	979	1032	141	0	174	0
DS571653	1129	1179	121	0	163	0
DS571653	3757	3846	1	0	1	0
DS571661	1308	1331	42	0	56	0
DS571661	1308	1451	2	0	2	0
DS571675	963	1029	65	0	93	0
DS571675	1403	1454	141	0	195	0
DS571676	2446	2493	28	0	28	0
DS571676	2771	2825	72	0	93	0
DS571676	2966	3009	86	0	65	0
DS571676	4975	5054	7	0	16	0
DS571676	5525	5580	4	0	9	0
DS571676	5642	5694	4	0	11	0
DS571678	307	357	3	0	2	0
DS571684	2890	2933	74	0	125	0
DS571685	1784	1889	1	0	2	0
DS571685	1796	1889	1	0	1	0
DS571685	1800	1889	401	0	579	0
DS571685	1846	1889	10	0	6	0
DS571685	2486	2539	10	0	6	0
DS571691	3727	3774	1	0	1	0
DS571691	4420	4470	52	0	68	0
DS571691	4420	4474	1	0	1	0
DS571702	3423	3502	14	0	7	0
DS571705	1710	1754	41	0	47	0
DS571711	1898	1963	4	0	1	0
DS571711	2585	2654	29	0	22	0
DS571718	3892	3946	1283	0	1758	0
DS571731	2108	2152	113	0	180	0
DS571736	1537	1595	24	0	24	0
DS571743	308	521	3	0	1	0
DS571748	496	551	4	0	1	0
DS571748	693	750	12	0	6	0
DS571748	2754	2798	118	0	153	0
DS571779	499	625	1	0	1	0
DS571790	1697	1748	9	0	21	0
DS571795	1975	2024	3	0	6	0
DS571843	560	623	1	0	2	0
DS571845	1887	1968	137	0	142	0
DS571855	2958	3011	23	0	22	0
DS571865	1739	1911	8	0	8	0
DS571906	205	276	6	0	7	0
DS571919	1076	1123	1	0	1	0
DS571925	771	814	1	0	2	0
DS571929	2519	2581	2	0	8	0
DS571976	1318	1377	11	0	10	0
DS571976	1366	1413	356	0	541	0
DS571976	1366	1485	1	0	9	0
DS571976	1366	1521	9	0	14	0
DS571976	1366	1545	26	0	61	0
DS571976	1366	1581	1	0	4	0
DS571976	1366	1605	2	0	1	0
DS571976	1390	1413	1	0	1	0
DS571976	1402	1449	1	0	6	0
DS571976	1402	1545	5	0	6	0
DS571976	1402	1605	1	0	3	0
DS571976	1438	1485	5	0	8	0
DS571976	1438	1521	2	0	3	0
DS571976	1438	1605	24	0	71	0
DS571976	1474	1521	14	0	14	0
DS571976	1474	1545	2	0	1	0
DS571976	1474	1605	4	0	9	0
DS571976	1510	1545	7	0	10	0
DS571976	1510	1605	13	0	22	0
DS571986	368	421	4	0	6	0
DS571986	479	563	73	0	130	0
DS572051	1021	1148	1	0	3	0
DS572098	507	644	5	0	8	0
DS572134	431	491	2	0	1	0
DS572169	1506	1553	154	0	267	0
DS572199	1042	1162	9	0	5	0
DS572199	1331	1360	17	0	22	0
DS572335	563	598	4	0	6	0
DS572461	706	794	92	0	62	0
DS572467	721	778	15	0	20	0
DS572543	710	760	61	0	63	0
DS572543	928	971	40	0	30	0
DS572585	530	577	12	0	8	0
DS572585	585	644	3	0	5	0
DS572590	305	355	7	0	3	0
DS572599	499	567	1	0	2	0
DS572599	502	567	4	0	3	0
DS572620	250	273	12	0	26	0
EH4254	611	675	5	0	8	0
EH4254	2179	2235	444	0	517	0
EH4254	2222	2264	2	0	2	0
EH4256	1812	1887	2	0	5	0
EH4259	89	151	16	0	22	0
EH4263	234	278	1	0	1	0
EH4264	184	242	61	0	40	0
