scaffold_number	intron_start	intron_end	orf_rep1_reads(u)	normalize value(Rep1)	orf_rep2_reads(u)	Normalize value(Rep2)
DS571145	9962	10052	37	53.77906977	21	36.99788584
DS571145	13994	14048	5	7.26744186	5	8.809020437
DS571145	23459	23515	28	40.69767442	28	49.33051445
DS571145	34069	34112	44	63.95348837	20	35.23608175
DS571145	34583	34633	27	39.24418605	49	86.32840028
DS571145	49242	49288	18	26.1627907	11	19.37984496
DS571145	68835	68886	89	129.3604651	24	42.2832981
DS571145	73101	73163	44	63.95348837	72	126.8498943
DS571145	76637	76684	9	13.08139535	14	24.66525722
DS571145	87005	87055	36	52.3255814	41	72.23396758
DS571145	96497	96550	7	10.1744186	6	10.57082452
DS571145	98902	98952	51	74.12790698	63	110.9936575
DS571145	107720	107770	520	755.8139535	648	1141.649049
DS571145	119994	120041	34	49.41860465	72	126.8498943
DS571145	123248	123303	68	98.8372093	89	156.8005638
DS571145	128135	128186	27	39.24418605	9	15.85623679
DS571145	128410	128457	26	37.79069767	6	10.57082452
DS571145	136903	137340	12	17.44186047	8	14.0944327
DS571145	154993	155043	12	17.44186047	16	28.1888654
DS571145	212469	212519	11	15.98837209	15	26.42706131
DS571145	220421	220471	26	37.79069767	50	88.09020437
DS571145	224178	224225	22	31.97674419	24	42.2832981
DS571145	227484	227544	19	27.61627907	25	44.04510218
DS571145	231517	231622	12	17.44186047	18	31.71247357
DS571145	251201	251251	7	10.1744186	5	8.809020437
DS571145	251635	251695	41	59.59302326	9	15.85623679
DS571145	252297	252364	53	77.03488372	45	79.28118393
DS571145	265439	265491	45	65.40697674	29	51.09231853
DS571145	279258	279395	558	811.0465116	418	736.4341085
DS571145	284674	284735	82	119.1860465	58	102.1846371
DS571145	293698	293748	5	7.26744186	9	15.85623679
DS571145	298372	298419	8	11.62790698	5	8.809020437
DS571145	299313	299367	59	85.75581395	46	81.04298802
DS571145	312213	312271	10	14.53488372	4	7.04721635
DS571145	313305	313358	200	290.6976744	97	170.8949965
DS571145	313907	313954	100	145.3488372	160	281.888654
DS571145	316968	317019	65	94.47674419	52	91.61381254
DS571145	321329	321404	113	164.244186	94	165.6095842
DS571145	323896	323948	55	79.94186047	45	79.28118393
DS571145	324658	324701	54	78.48837209	4	7.04721635
DS571145	328049	328099	220	319.7674419	205	361.1698379
DS571145	328422	328475	29	42.15116279	20	35.23608175
DS571145	328788	328842	30	43.60465116	25	44.04510218
DS571145	332476	332578	7	10.1744186	7	12.33262861
DS571145	335521	335574	11	15.98837209	4	7.04721635
DS571145	342520	342610	6	8.720930233	4	7.04721635
DS571145	342700	342761	9	13.08139535	5	8.809020437
DS571145	346729	346791	6	8.720930233	4	7.04721635
DS571145	348095	348156	49	71.22093023	82	144.4679352
DS571145	348286	348345	58	84.30232558	43	75.75757576
DS571145	359932	359978	58	84.30232558	72	126.8498943
DS571145	363786	363837	36	52.3255814	50	88.09020437
DS571145	369691	369741	17	24.70930233	12	21.14164905
DS571145	382950	383032	273	396.8023256	191	336.5045807
DS571145	389184	389249	25	36.3372093	4	7.04721635
DS571145	404666	404712	530	770.3488372	225	396.4059197
DS571145	404808	404865	559	812.5	257	452.7836505
DS571145	410653	410709	9	13.08139535	6	10.57082452
DS571145	415287	415341	41	59.59302326	35	61.66314306
DS571145	417321	417374	16	23.25581395	8	14.0944327
DS571145	417792	417848	10	14.53488372	7	12.33262861
DS571145	418504	418555	70	101.744186	61	107.4700493
DS571145	420868	420912	84	122.0930233	17	29.95066949
DS571145	425914	425960	10	14.53488372	8	14.0944327
DS571145	437057	437122	10	14.53488372	8	14.0944327
DS571145	437990	438037	45	65.40697674	31	54.61592671
DS571145	452425	452475	530	770.3488372	582	1025.369979
DS571145	462097	462145	8	11.62790698	22	38.75968992
DS571145	465766	465927	100	145.3488372	35	61.66314306
DS571145	480589	480637	8	11.62790698	22	38.75968992
DS571145	484211	484364	23	33.43023256	10	17.61804087
DS571145	484315	484364	14	20.34883721	11	19.37984496
DS571145	487056	487103	59	85.75581395	58	102.1846371
DS571145	490123	490185	182	264.5348837	222	391.1205074
DS571145	496222	496274	38	55.23255814	29	51.09231853
DS571145	496569	496619	21	30.52325581	24	42.2832981
DS571145	517035	517092	42	61.04651163	13	22.90345314
DS571146	7083	7129	37	53.77906977	41	72.23396758
DS571146	7261	7303	57	82.84883721	62	109.2318534
DS571146	12768	12817	107	155.5232558	56	98.66102889
DS571146	17360	17404	38	55.23255814	24	42.2832981
DS571146	28771	28828	212	308.1395349	110	193.7984496
DS571146	29234	29283	196	284.8837209	85	149.7533474
DS571146	29447	29501	156	226.744186	49	86.32840028
DS571146	34794	34856	41	59.59302326	23	40.52149401
DS571146	36655	36803	107	155.5232558	73	128.6116984
DS571146	36888	36964	146	212.2093023	85	149.7533474
DS571146	38491	38553	35	50.87209302	49	86.32840028
DS571146	46385	46447	24	34.88372093	33	58.13953488
DS571146	59147	59206	56	81.39534884	28	49.33051445
DS571146	63029	63072	125	181.6860465	140	246.6525722
DS571146	67039	67089	20	29.06976744	13	22.90345314
DS571146	69585	69649	60	87.20930233	34	59.90133897
DS571146	73148	73199	9	13.08139535	4	7.04721635
DS571146	85649	85721	470	683.1395349	235	414.0239605
DS571146	91843	91897	21	30.52325581	15	26.42706131
DS571146	92207	92262	24	34.88372093	6	10.57082452
DS571146	108722	108768	27	39.24418605	10	17.61804087
DS571146	116522	116594	43	62.5	24	42.2832981
DS571146	125008	125053	13	18.89534884	11	19.37984496
DS571146	139493	139551	27	39.24418605	17	29.95066949
DS571146	139609	139716	20	29.06976744	20	35.23608175
DS571146	139775	139959	9	13.08139535	23	40.52149401
DS571146	143243	143307	19	27.61627907	6	10.57082452
DS571146	143412	143474	12	17.44186047	6	10.57082452
DS571146	154811	154878	8	11.62790698	5	8.809020437
DS571146	155168	155225	263	382.2674419	265	466.8780832
DS571146	170620	170678	5	7.26744186	5	8.809020437
DS571146	180451	180502	124	180.2325581	32	56.3777308
DS571146	184294	184360	38	55.23255814	25	44.04510218
DS571146	185032	185119	20	29.06976744	7	12.33262861
DS571146	188686	188729	15	21.80232558	5	8.809020437
DS571146	189080	189138	24	34.88372093	7	12.33262861
DS571146	198853	198912	22	31.97674419	4	7.04721635
DS571146	201723	201914	97	140.9883721	12	21.14164905
DS571146	202298	202397	25	36.3372093	28	49.33051445
DS571146	202997	203043	20	29.06976744	25	44.04510218
DS571146	203102	203155	17	24.70930233	22	38.75968992
DS571147	4035	4084	96	139.5348837	160	281.888654
DS571147	4760	4805	150	218.0232558	68	119.8026779
DS571147	4880	4925	62	90.11627907	16	28.1888654
DS571147	7585	7635	27	39.24418605	19	33.47427766
DS571147	14371	14454	24	34.88372093	6	10.57082452
DS571147	17611	17669	31	45.05813953	21	36.99788584
DS571147	19842	19896	16	23.25581395	27	47.56871036
DS571147	21888	21936	70	101.744186	55	96.89922481
DS571147	31425	31476	22	31.97674419	35	61.66314306
DS571147	44336	44389	18	26.1627907	9	15.85623679
DS571147	49686	49757	73	106.1046512	85	149.7533474
DS571147	58796	58892	38	55.23255814	41	72.23396758
DS571147	63934	63986	37	53.77906977	46	81.04298802
DS571147	80458	80504	155	225.2906977	171	301.2684989
DS571147	80590	80638	318	462.2093023	247	435.1656096
DS571147	86741	86837	5	7.26744186	5	8.809020437
DS571147	100822	100872	13	18.89534884	20	35.23608175
DS571147	109095	109138	21	30.52325581	26	45.80690627
DS571147	109307	109365	19	27.61627907	19	33.47427766
DS571147	109953	110001	40	58.13953488	82	144.4679352
DS571147	114033	114099	15	21.80232558	5	8.809020437
DS571147	114220	114278	8	11.62790698	9	15.85623679
DS571147	120193	120386	120	174.4186047	108	190.2748414
DS571147	128913	129055	225	327.0348837	152	267.7942213
DS571147	129550	129594	44	63.95348837	44	77.51937984
DS571147	135510	135570	15	21.80232558	8	14.0944327
DS571147	135730	135782	6	8.720930233	7	12.33262861
DS571147	154195	154242	38	55.23255814	32	56.3777308
DS571147	158993	159050	14	20.34883721	9	15.85623679
DS571147	164460	164502	14	20.34883721	10	17.61804087
DS571147	166700	166759	31	45.05813953	5	8.809020437
DS571147	180276	180332	27	39.24418605	23	40.52149401
DS571148	2702	2758	13	18.89534884	7	12.33262861
DS571148	26006	26054	43	62.5	26	45.80690627
DS571148	28304	28360	47	68.31395349	53	93.37561663
DS571148	31964	32021	86	125	18	31.71247357
DS571148	32123	32177	109	158.4302326	21	36.99788584
DS571148	40883	40928	54	78.48837209	12	21.14164905
DS571148	41963	42012	58	84.30232558	44	77.51937984
DS571148	45064	45140	8	11.62790698	4	7.04721635
DS571148	55312	55360	44	63.95348837	35	61.66314306
DS571148	56835	56941	76	110.4651163	69	121.564482
DS571148	60689	60735	9	13.08139535	6	10.57082452
DS571148	67058	67146	31	45.05813953	26	45.80690627
DS571148	105139	105209	68	98.8372093	87	153.2769556
DS571148	106438	106614	34	49.41860465	8	14.0944327
DS571148	126127	126238	47	68.31395349	37	65.18675123
DS571148	127527	127571	62	90.11627907	58	102.1846371
DS571148	128019	128087	134	194.7674419	148	260.7470049
DS571148	171679	171722	331	481.1046512	189	332.9809725
DS571149	6752	6833	99	143.8953488	104	183.2276251
DS571149	28143	28233	57	82.84883721	22	38.75968992
DS571149	28308	28355	62	90.11627907	11	19.37984496
DS571149	42856	42900	30	43.60465116	19	33.47427766
DS571149	43199	43245	32	46.51162791	42	73.99577167
DS571149	43199	43341	60	87.20930233	57	100.422833
DS571149	43294	43341	6	8.720930233	13	22.90345314
DS571149	66976	67023	105	152.6162791	132	232.5581395
DS571149	72142	72190	122	177.3255814	173	304.7921071
DS571149	92453	92521	52	75.58139535	28	49.33051445
DS571149	107974	108048	15	21.80232558	18	31.71247357
DS571149	109743	109800	63	91.56976744	60	105.7082452
DS571149	126211	126253	24	34.88372093	30	52.85412262
DS571149	126502	126553	53	77.03488372	34	59.90133897
DS571149	134899	134956	65	94.47674419	48	84.56659619
DS571149	139266	139320	31	45.05813953	42	73.99577167
DS571149	139708	139756	50	72.6744186	39	68.71035941
DS571149	154860	154921	45	65.40697674	26	45.80690627
DS571149	155225	155277	50	72.6744186	22	38.75968992
DS571149	155578	155636	58	84.30232558	8	14.0944327
DS571149	155733	155790	59	85.75581395	10	17.61804087
DS571149	162147	162194	10	14.53488372	7	12.33262861
DS571149	162725	162778	7	10.1744186	9	15.85623679
DS571149	162849	162900	7	10.1744186	4	7.04721635
DS571149	168458	168511	106	154.0697674	136	239.6053559
DS571150	12861	12917	82	119.1860465	52	91.61381254
DS571150	13002	13066	62	90.11627907	54	95.13742072
DS571150	13212	13267	77	111.9186047	43	75.75757576
DS571150	20635	20681	32	46.51162791	23	40.52149401
DS571150	24545	24597	36	52.3255814	12	21.14164905
DS571150	31685	31760	48	69.76744186	83	146.2297393
DS571150	50928	50976	36	52.3255814	25	44.04510218
DS571150	53210	53259	32	46.51162791	30	52.85412262
DS571150	67500	67589	47	68.31395349	29	51.09231853
DS571150	68024	68078	43	62.5	37	65.18675123
DS571150	84207	84256	81	117.7325581	55	96.89922481
DS571150	84317	84365	388	563.9534884	220	387.5968992
DS571150	96755	96832	15	21.80232558	14	24.66525722
DS571150	100381	100431	17	24.70930233	12	21.14164905
DS571150	104317	104363	14	20.34883721	5	8.809020437
DS571150	115056	115104	50	72.6744186	16	28.1888654
DS571150	128738	128823	444	645.3488372	419	738.1959126
DS571150	150163	150217	188	273.255814	126	221.987315
DS571150	150594	150651	56	81.39534884	75	132.1353066
DS571150	156779	156824	19	27.61627907	6	10.57082452
DS571150	158902	158962	32	46.51162791	27	47.56871036
DS571151	5633	5716	20	29.06976744	27	47.56871036
DS571151	6218	6328	6	8.720930233	6	10.57082452
DS571151	6218	6344	312	453.4883721	384	676.5327696
DS571151	29925	30004	5	7.26744186	4	7.04721635
DS571151	51638	51695	549	797.9651163	486	856.2367865
DS571151	53261	53303	21	30.52325581	30	52.85412262
DS571151	53261	53325	283	411.3372093	240	422.832981
DS571151	53746	53811	78	113.372093	126	221.987315
DS571151	62185	62234	70	101.744186	78	137.4207188
DS571151	72738	72785	11	15.98837209	6	10.57082452
DS571151	73256	73301	13	18.89534884	17	29.95066949
DS571151	73913	73964	194	281.9767442	259	456.3072586
DS571151	74076	74137	131	190.4069767	161	283.6504581
DS571151	119288	119348	25	36.3372093	35	61.66314306
DS571151	150514	150566	21	30.52325581	19	33.47427766
DS571152	3954	4029	29	42.15116279	22	38.75968992
DS571152	4679	4753	72	104.6511628	26	45.80690627
DS571152	11235	11295	911	1324.127907	660	1162.790698
DS571152	11235	11306	17	24.70930233	8	14.0944327
DS571152	13133	13189	158	229.6511628	61	107.4700493
DS571152	14695	14741	56	81.39534884	65	114.5172657
DS571152	31294	31350	115	167.1511628	142	250.1761804
DS571152	35396	35447	97	140.9883721	109	192.0366455
DS571152	53274	53340	28	40.69767442	33	58.13953488
DS571152	57372	57434	48	69.76744186	10	17.61804087
DS571152	67021	67076	101	146.8023256	12	21.14164905
DS571152	75090	75140	47	68.31395349	69	121.564482
DS571152	82866	82922	103	149.7093023	171	301.2684989
DS571152	127800	127873	49	71.22093023	15	26.42706131
DS571152	129381	129437	21	30.52325581	20	35.23608175
DS571152	134298	134347	9	13.08139535	6	10.57082452
DS571152	135346	135397	88	127.9069767	99	174.4186047
DS571152	148753	148799	200	290.6976744	142	250.1761804
DS571152	149196	149245	11	15.98837209	20	35.23608175
DS571152	152631	152740	90	130.8139535	45	79.28118393
DS571152	157518	157567	9	13.08139535	6	10.57082452
DS571153	31901	31957	33	47.96511628	28	49.33051445
DS571153	33620	33686	52	75.58139535	44	77.51937984
DS571153	52293	52345	90	130.8139535	62	109.2318534
DS571153	73407	73462	63	91.56976744	12	21.14164905
DS571153	87373	87422	123	178.7790698	147	258.9852008
DS571153	95457	95507	45	65.40697674	7	12.33262861
DS571153	118777	118918	39	56.68604651	58	102.1846371
DS571153	125478	125527	41	59.59302326	33	58.13953488
DS571153	125478	125542	235	341.5697674	212	373.5024665
DS571153	133712	133760	419	609.0116279	498	877.3784355
DS571154	20827	20962	89	129.3604651	130	229.0345314
DS571154	56222	56273	33	47.96511628	21	36.99788584
DS571154	56333	56385	42	61.04651163	34	59.90133897
DS571154	56844	56896	45	65.40697674	46	81.04298802
DS571154	57881	57934	110	159.8837209	169	297.7448908
DS571154	62054	62107	46	66.86046512	32	56.3777308
DS571154	79510	79556	265	385.1744186	321	565.5391121
DS571154	83621	83679	90	130.8139535	31	54.61592671
DS571154	83710	83761	82	119.1860465	26	45.80690627
DS571154	132380	132426	16	23.25581395	4	7.04721635
DS571155	22297	22371	512	744.1860465	332	584.918957
DS571155	22799	22854	249	361.9186047	319	562.0155039
DS571155	48241	48350	127	184.5930233	139	244.8907681
DS571155	54800	54908	92	133.7209302	159	280.1268499
DS571155	96980	97033	13	18.89534884	13	22.90345314
DS571155	107500	107552	29	42.15116279	54	95.13742072
DS571155	109032	109094	18	26.1627907	14	24.66525722
DS571155	109152	109278	16	23.25581395	12	21.14164905
DS571155	109503	109578	6	8.720930233	4	7.04721635
DS571155	109837	109888	8	11.62790698	9	15.85623679
DS571155	116120	116167	200	290.6976744	89	156.8005638
DS571155	127533	127589	38	55.23255814	49	86.32840028
DS571155	127682	127738	47	68.31395349	27	47.56871036
DS571155	127931	127975	121	175.872093	151	266.0324172
DS571155	128620	128668	6	8.720930233	19	33.47427766
DS571155	131842	131891	36	52.3255814	67	118.0408739
DS571155	152407	152461	55	79.94186047	57	100.422833
DS571155	153499	153621	83	120.6395349	77	135.6589147
DS571156	10920	10980	24	34.88372093	19	33.47427766
DS571156	11878	11933	21	30.52325581	5	8.809020437
DS571156	14969	15019	68	98.8372093	57	100.422833
DS571156	22436	22481	201	292.1511628	231	406.9767442
DS571156	50528	50577	108	156.9767442	15	26.42706131
DS571156	51017	51067	130	188.9534884	96	169.1331924
DS571156	57366	57409	15	21.80232558	16	28.1888654
DS571156	58715	58771	39	56.68604651	48	84.56659619
DS571156	62489	62540	37	53.77906977	8	14.0944327
DS571156	63068	63133	25	36.3372093	16	28.1888654
DS571156	73026	73072	6	8.720930233	5	8.809020437
DS571156	89786	89836	104	151.1627907	128	225.5109232
DS571156	90642	90696	206	299.4186047	62	109.2318534
DS571156	94678	94769	102	148.255814	68	119.8026779
DS571156	95138	95213	117	170.0581395	48	84.56659619
DS571156	95897	96018	38	55.23255814	28	49.33051445
DS571156	99665	99717	25	36.3372093	45	79.28118393
DS571156	99819	99876	26	37.79069767	31	54.61592671
DS571156	101909	101967	73	106.1046512	89	156.8005638
DS571156	116379	116453	11	15.98837209	11	19.37984496
DS571156	123622	123670	20	29.06976744	26	45.80690627
DS571156	124318	124372	5	7.26744186	5	8.809020437
DS571156	148162	148208	6	8.720930233	8	14.0944327
DS571157	24926	24988	100	145.3488372	107	188.5130374
DS571157	42546	42603	114	165.6976744	108	190.2748414
DS571157	53779	53835	25	36.3372093	19	33.47427766
DS571157	71186	71260	30	43.60465116	50	88.09020437
DS571157	81153	81206	38	55.23255814	46	81.04298802
DS571157	82160	82215	21	30.52325581	40	70.4721635
DS571157	86976	87067	292	424.4186047	374	658.9147287
DS571157	93030	93091	12	17.44186047	5	8.809020437
DS571157	95615	95673	5	7.26744186	14	24.66525722
DS571157	117078	117127	66	95.93023256	75	132.1353066
DS571157	117314	117360	28	40.69767442	41	72.23396758
DS571157	117436	117492	37	53.77906977	31	54.61592671
DS571157	131017	131152	215	312.5	14	24.66525722
DS571157	132107	132173	19	27.61627907	7	12.33262861
DS571158	23752	23804	51	74.12790698	26	45.80690627
DS571158	34538	34590	65	94.47674419	48	84.56659619
DS571158	34752	34795	136	197.6744186	118	207.8928823
DS571158	38251	38311	5	7.26744186	6	10.57082452
DS571158	38714	38759	40	58.13953488	30	52.85412262
DS571158	81915	82047	50	72.6744186	13	22.90345314
DS571158	93220	93277	22	31.97674419	38	66.94855532
DS571158	93689	93741	6	8.720930233	10	17.61804087
DS571158	94744	94787	82	119.1860465	36	63.42494715
DS571158	103582	103650	70	101.744186	19	33.47427766
DS571158	103902	104068	165	239.8255814	49	86.32840028
DS571158	124599	124678	355	515.9883721	129	227.2727273
DS571158	140425	140471	63	91.56976744	44	77.51937984
DS571158	141298	141344	38	55.23255814	57	100.422833
DS571159	12428	12504	360	523.255814	357	628.9640592
DS571159	19831	19878	5	7.26744186	7	12.33262861
DS571159	28142	28213	67	97.38372093	84	147.9915433
DS571159	28424	28467	129	187.5	120	211.4164905
DS571159	28623	28756	122	177.3255814	84	147.9915433
DS571159	29716	29786	57	82.84883721	51	89.85200846
DS571159	31767	31854	65	94.47674419	87	153.2769556
DS571159	46228	46273	7	10.1744186	6	10.57082452
DS571159	58754	58808	5	7.26744186	15	26.42706131
DS571159	65866	65912	39	56.68604651	60	105.7082452
DS571159	70183	70228	249	361.9186047	193	340.0281889
DS571159	72502	72550	89	129.3604651	168	295.9830867
DS571159	73264	73310	61	88.6627907	4	7.04721635
DS571159	100451	100503	19	27.61627907	28	49.33051445
DS571159	117321	117378	138	200.5813953	61	107.4700493
DS571159	118181	118297	196	284.8837209	267	470.4016913
DS571159	120156	120201	7	10.1744186	11	19.37984496
DS571159	129345	129395	28	40.69767442	20	35.23608175
DS571159	129707	129756	54	78.48837209	77	135.6589147
DS571160	18225	18281	35	50.87209302	26	45.80690627
DS571160	23240	23298	11	15.98837209	4	7.04721635
DS571160	26852	26950	59	85.75581395	47	82.80479211
DS571160	27254	27306	35	50.87209302	23	40.52149401
DS571160	27663	27754	66	95.93023256	88	155.0387597
DS571160	33159	33206	39	56.68604651	15	26.42706131
DS571160	42813	42859	93	135.1744186	12	21.14164905
DS571160	45667	45709	12	17.44186047	12	21.14164905
DS571160	46515	46566	64	93.02325581	64	112.7554616
DS571160	47029	47077	37	53.77906977	23	40.52149401
DS571160	49362	49419	10	14.53488372	21	36.99788584
DS571160	51334	51390	28	40.69767442	5	8.809020437
DS571160	61041	61088	23	33.43023256	15	26.42706131
DS571160	61149	61203	31	45.05813953	14	24.66525722
DS571160	61710	61781	26	37.79069767	16	28.1888654
DS571160	69454	69500	93	135.1744186	36	63.42494715
DS571160	70441	70487	10	14.53488372	5	8.809020437
DS571160	82502	82562	10	14.53488372	11	19.37984496
DS571160	83726	83786	49	71.22093023	44	77.51937984
DS571160	88196	88269	95	138.0813953	18	31.71247357
DS571160	107439	107484	18	26.1627907	20	35.23608175
DS571160	110295	110354	25	36.3372093	33	58.13953488
DS571160	125062	125108	14	20.34883721	4	7.04721635
DS571160	132972	133031	1145	1664.244186	475	836.8569415
DS571160	135356	135402	68	98.8372093	106	186.7512333
DS571160	136562	136607	59	85.75581395	73	128.6116984
DS571160	137658	137717	47	68.31395349	35	61.66314306
DS571161	11132	11178	26	37.79069767	9	15.85623679
DS571161	16816	16882	79	114.8255814	62	109.2318534
DS571161	45346	45430	34	49.41860465	46	81.04298802
DS571161	61868	61936	67	97.38372093	68	119.8026779
DS571161	73399	73450	15	21.80232558	5	8.809020437
DS571161	91429	91540	370	537.7906977	274	482.7343199
DS571161	92773	92964	33	47.96511628	12	21.14164905
DS571161	92879	92964	9	13.08139535	4	7.04721635
DS571161	100652	100708	21	30.52325581	28	49.33051445
DS571161	100798	100863	29	42.15116279	45	79.28118393
DS571161	108765	108826	38	55.23255814	68	119.8026779
DS571161	113810	113871	80	116.2790698	59	103.9464412
DS571161	114397	114508	2065	3001.453488	2266	3992.248062
DS571161	118583	118723	49	71.22093023	7	12.33262861
DS571161	118830	118897	35	50.87209302	7	12.33262861
DS571161	123520	123572	42	61.04651163	23	40.52149401
DS571162	5585	5639	15	21.80232558	6	10.57082452
DS571162	25262	25313	47	68.31395349	33	58.13953488
DS571162	26881	26926	226	328.4883721	189	332.9809725
DS571162	27048	27097	380	552.3255814	315	554.9682875
DS571162	29442	29495	172	250	165	290.6976744
DS571162	30372	30423	18	26.1627907	17	29.95066949
DS571162	36641	36692	64	93.02325581	67	118.0408739
DS571162	36768	36821	96	139.5348837	82	144.4679352
DS571162	36960	37030	68	98.8372093	44	77.51937984
DS571162	38150	38200	41	59.59302326	50	88.09020437
DS571162	38668	38719	68	98.8372093	86	151.5151515
DS571162	41925	41970	15	21.80232558	13	22.90345314
DS571162	42252	42303	38	55.23255814	19	33.47427766
DS571162	42416	42469	51	74.12790698	14	24.66525722
DS571162	63489	63547	87	126.4534884	96	169.1331924
DS571162	64849	64898	19	27.61627907	6	10.57082452
DS571162	83650	83705	38	55.23255814	70	123.3262861
DS571162	87222	87307	149	216.5697674	19	33.47427766
DS571162	107250	107300	533	774.7093023	402	708.2452431
DS571162	107408	107461	373	542.1511628	369	650.1057082
DS571162	107799	107870	25	36.3372093	11	19.37984496
DS571162	108637	108685	40	58.13953488	31	54.61592671
DS571162	117752	117808	67	97.38372093	52	91.61381254
DS571162	119414	119470	35	50.87209302	16	28.1888654
DS571162	120130	120207	33	47.96511628	19	33.47427766
DS571162	126946	126994	79	114.8255814	55	96.89922481
DS571163	7566	7644	23	33.43023256	11	19.37984496
DS571163	11084	11140	188	273.255814	216	380.5496829
DS571163	16815	16908	142	206.3953488	33	58.13953488
DS571163	18498	18547	144	209.3023256	103	181.465821
DS571163	30734	30783	9	13.08139535	5	8.809020437
DS571163	42149	42194	202	293.6046512	76	133.8971106
DS571163	59537	59589	32	46.51162791	26	45.80690627
DS571163	65073	65139	37	53.77906977	57	100.422833
DS571163	67039	67111	23	33.43023256	18	31.71247357
DS571163	102390	102483	25	36.3372093	7	12.33262861
DS571163	118937	119082	62	90.11627907	10	17.61804087
DS571164	9065	9115	168	244.1860465	119	209.6546864
DS571164	16435	16492	6	8.720930233	5	8.809020437
DS571164	26254	26324	11	15.98837209	17	29.95066949
DS571164	28014	28075	71	103.1976744	9	15.85623679
DS571164	69192	69252	57	82.84883721	74	130.3735025
DS571164	69751	69798	253	367.7325581	305	537.3502467
DS571164	69751	69818	9	13.08139535	21	36.99788584
DS571164	72515	72571	15	21.80232558	27	47.56871036
DS571164	89057	89107	105	152.6162791	135	237.8435518
DS571164	89184	89255	123	178.7790698	146	257.2233968
DS571164	104732	104845	103	149.7093023	64	112.7554616
DS571164	118804	118847	9	13.08139535	6	10.57082452
DS571164	119258	119312	136	197.6744186	166	292.4594785
DS571164	120577	120647	21	30.52325581	12	21.14164905
DS571164	125077	125132	77	111.9186047	16	28.1888654
DS571164	127291	127348	42	61.04651163	34	59.90133897
DS571165	979	1215	24	34.88372093	27	47.56871036
DS571165	1169	1215	118	171.5116279	104	183.2276251
DS571165	2388	2441	90	130.8139535	86	151.5151515
DS571165	2852	2896	30	43.60465116	30	52.85412262
DS571165	7966	8056	28	40.69767442	17	29.95066949
DS571165	29553	29638	79	114.8255814	100	176.1804087
DS571165	30025	30111	24	34.88372093	37	65.18675123
DS571165	31218	31267	22	31.97674419	43	75.75757576
DS571165	31399	31453	67	97.38372093	83	146.2297393
DS571165	46562	46634	53	77.03488372	37	65.18675123
DS571165	47314	47372	32	46.51162791	43	75.75757576
DS571165	57365	57413	15	21.80232558	6	10.57082452
DS571165	58019	58067	5	7.26744186	13	22.90345314
DS571165	77620	77669	38	55.23255814	22	38.75968992
DS571165	77760	77843	43	62.5	23	40.52149401
DS571165	79711	79791	33	47.96511628	53	93.37561663
DS571165	80253	80307	35	50.87209302	12	21.14164905
DS571165	102871	102919	167	242.7325581	158	278.3650458
DS571165	103329	103393	114	165.6976744	56	98.66102889
DS571165	104867	104923	14	20.34883721	6	10.57082452
DS571165	107060	107112	135	196.2209302	100	176.1804087
DS571165	108009	108056	10	14.53488372	4	7.04721635
DS571165	112423	112511	552	802.3255814	147	258.9852008
DS571165	113828	113886	320	465.1162791	540	951.3742072
DS571165	113828	113895	10	14.53488372	13	22.90345314
DS571165	119373	119427	39	56.68604651	25	44.04510218
DS571165	120071	120115	8	11.62790698	27	47.56871036
DS571166	1621	1675	7	10.1744186	4	7.04721635
DS571166	3366	3422	7464	10848.83721	8417	14829.105
DS571166	19668	19711	79	114.8255814	74	130.3735025
DS571166	32586	32640	64	93.02325581	58	102.1846371
DS571166	39511	39561	20	29.06976744	35	61.66314306
DS571166	44897	44947	47	68.31395349	71	125.0880902
DS571166	52535	52607	48	69.76744186	40	70.4721635
DS571166	68287	68328	10	14.53488372	13	22.90345314
DS571166	71692	71739	85	123.5465116	50	88.09020437
DS571166	71929	71984	86	125	59	103.9464412
DS571166	93062	93105	8	11.62790698	8	14.0944327
DS571166	93062	93115	162	235.4651163	160	281.888654
DS571166	100242	100428	71	103.1976744	33	58.13953488
DS571166	103058	103110	18	26.1627907	9	15.85623679
DS571166	104703	104769	37	53.77906977	40	70.4721635
DS571166	113397	113467	17	24.70930233	22	38.75968992
DS571167	27679	27753	6	8.720930233	5	8.809020437
DS571167	39722	39774	36	52.3255814	10	17.61804087
DS571167	41357	41414	33	47.96511628	26	45.80690627
DS571167	41752	41803	10	14.53488372	10	17.61804087
DS571167	42536	42685	7	10.1744186	7	12.33262861
DS571167	44665	44724	9	13.08139535	12	21.14164905
DS571167	46656	46709	35	50.87209302	7	12.33262861
DS571167	47661	47722	8	11.62790698	6	10.57082452
DS571167	54966	55027	41	59.59302326	36	63.42494715
DS571167	56457	56503	133	193.3139535	149	262.508809
DS571167	60658	60713	122	177.3255814	151	266.0324172
DS571167	61422	61474	7	10.1744186	14	24.66525722
DS571167	70795	70837	36	52.3255814	36	63.42494715
DS571167	92706	92759	68	98.8372093	36	63.42494715
DS571167	93221	93278	32	46.51162791	44	77.51937984
DS571167	93534	93589	15	21.80232558	25	44.04510218
DS571167	107016	107069	89	129.3604651	115	202.60747
DS571168	21918	21964	41	59.59302326	55	96.89922481
DS571168	22289	22335	20	29.06976744	7	12.33262861
DS571168	47173	47277	156	226.744186	42	73.99577167
DS571168	47329	47376	166	241.2790698	45	79.28118393
DS571168	65869	65922	23	33.43023256	38	66.94855532
DS571168	92585	92870	6	8.720930233	16	28.1888654
DS571168	92585	92888	14	20.34883721	33	58.13953488
DS571168	92600	92833	782	1136.627907	921	1622.621564
DS571168	93881	93936	55	79.94186047	9	15.85623679
DS571168	101750	101800	48	69.76744186	32	56.3777308
DS571169	13831	13884	76	110.4651163	84	147.9915433
DS571169	17194	17327	10	14.53488372	4	7.04721635
DS571169	50283	50327	192	279.0697674	195	343.551797
DS571169	64403	64446	28	40.69767442	7	12.33262861
DS571169	72521	72583	165	239.8255814	87	153.2769556
DS571169	77054	77114	49	71.22093023	13	22.90345314
DS571169	77200	77254	45	65.40697674	10	17.61804087
DS571169	77347	77392	50	72.6744186	6	10.57082452
DS571169	83558	83614	121	175.872093	154	271.3178295
DS571170	22091	22144	14	20.34883721	19	33.47427766
DS571170	44410	44456	44	63.95348837	20	35.23608175
DS571170	44676	44727	47	68.31395349	31	54.61592671
DS571170	46808	46857	28	40.69767442	20	35.23608175
DS571170	56851	56908	261	379.3604651	369	650.1057082
DS571170	67613	67736	167	242.7325581	116	204.3692741
DS571170	71006	71064	63	91.56976744	4	7.04721635
DS571170	80013	80074	8	11.62790698	13	22.90345314
DS571170	80289	80334	20	29.06976744	14	24.66525722
DS571170	80504	80553	17	24.70930233	15	26.42706131
DS571170	85524	85567	209	303.7790698	162	285.4122622
DS571170	85865	85919	44	63.95348837	70	123.3262861
DS571170	87059	87115	23	33.43023256	30	52.85412262
DS571170	88412	88457	35	50.87209302	36	63.42494715
DS571170	92016	92107	55	79.94186047	35	61.66314306
DS571170	98413	98468	11	15.98837209	4	7.04721635
DS571170	101765	101823	75	109.0116279	11	19.37984496
DS571171	14326	14391	483	702.0348837	409	720.5778717
DS571171	51410	51467	31	45.05813953	32	56.3777308
DS571172	6067	6124	29	42.15116279	8	14.0944327
DS571172	7833	7889	34	49.41860465	9	15.85623679
DS571172	19768	19829	21	30.52325581	23	40.52149401
DS571172	19979	20025	30	43.60465116	28	49.33051445
DS571172	31961	32015	28	40.69767442	33	58.13953488
DS571172	46442	46498	103	149.7093023	40	70.4721635
DS571172	46659	46783	49	71.22093023	33	58.13953488
DS571172	52190	52233	28	40.69767442	10	17.61804087
DS571172	53398	53460	22	31.97674419	5	8.809020437
DS571172	53579	53634	22	31.97674419	6	10.57082452
DS571172	78194	78242	20	29.06976744	23	40.52149401
DS571172	78352	78404	6	8.720930233	18	31.71247357
DS571172	78782	78837	28	40.69767442	5	8.809020437
DS571172	79373	79455	36	52.3255814	63	110.9936575
DS571172	79798	79964	70	101.744186	29	51.09231853
DS571172	105981	106002	8	11.62790698	6	10.57082452
DS571173	7899	7947	18	26.1627907	6	10.57082452
DS571173	9917	9979	54	78.48837209	43	75.75757576
DS571173	10024	10121	45	65.40697674	39	68.71035941
DS571173	13923	13997	133	193.3139535	188	331.2191684
DS571173	17354	17409	27	39.24418605	19	33.47427766
DS571173	20361	20657	46	66.86046512	51	89.85200846
DS571173	40552	40607	12	17.44186047	4	7.04721635
DS571173	41885	41934	14	20.34883721	6	10.57082452
DS571173	42167	42241	20	29.06976744	21	36.99788584
DS571173	44591	44643	47	68.31395349	47	82.80479211
DS571173	61166	61339	1155	1678.77907	1080	1902.748414
DS571173	71163	71210	52	75.58139535	22	38.75968992
DS571173	83268	83317	16	23.25581395	5	8.809020437
DS571173	84087	84145	14	20.34883721	6	10.57082452
DS571173	85720	85769	56	81.39534884	36	63.42494715
DS571173	92539	92594	14	20.34883721	9	15.85623679
DS571173	98833	98888	20	29.06976744	6	10.57082452
DS571174	7995	8047	19	27.61627907	15	26.42706131
DS571174	9196	9239	25	36.3372093	31	54.61592671
DS571174	21249	21314	5	7.26744186	6	10.57082452
DS571174	23711	23766	29	42.15116279	35	61.66314306
DS571174	26296	26448	34	49.41860465	23	40.52149401
DS571174	31941	31998	322	468.0232558	169	297.7448908
DS571174	32096	32149	284	412.7906977	183	322.410148
DS571174	34048	34095	24	34.88372093	13	22.90345314
DS571174	35893	36009	9	13.08139535	13	22.90345314
DS571174	41064	41110	25	36.3372093	27	47.56871036
DS571174	41426	41486	13	18.89534884	13	22.90345314
DS571174	48334	48385	54	78.48837209	59	103.9464412
DS571174	50947	50999	5	7.26744186	9	15.85623679
DS571174	56648	56696	30	43.60465116	48	84.56659619
DS571174	57045	57143	19	27.61627907	23	40.52149401
DS571174	93951	94061	27	39.24418605	10	17.61804087
DS571175	7081	7158	21	30.52325581	7	12.33262861
DS571175	7354	7397	21	30.52325581	4	7.04721635
DS571175	13295	13343	423	614.8255814	284	500.3523608
DS571175	27913	27990	335	486.9186047	281	495.0669486
DS571175	41874	41929	59	85.75581395	27	47.56871036
DS571175	42062	42143	45	65.40697674	17	29.95066949
DS571175	42209	42259	40	58.13953488	11	19.37984496
DS571175	43697	43753	56	81.39534884	40	70.4721635
DS571175	48352	48404	143	207.8488372	73	128.6116984
DS571175	49646	49697	34	49.41860465	23	40.52149401
DS571175	50455	50504	256	372.0930233	201	354.1226216
DS571175	58606	58651	69	100.2906977	67	118.0408739
DS571175	62155	62220	40	58.13953488	43	75.75757576
DS571175	62492	62554	8	11.62790698	11	19.37984496
DS571175	67405	67564	109	158.4302326	90	158.5623679
DS571175	70771	70823	869	1263.081395	641	1129.31642
DS571175	72333	72376	68	98.8372093	33	58.13953488
DS571175	75211	75257	36	52.3255814	34	59.90133897
DS571175	75528	75574	23	33.43023256	37	65.18675123
DS571175	84154	84197	47	68.31395349	38	66.94855532
DS571175	91386	91440	106	154.0697674	69	121.564482
DS571175	91761	91811	117	170.0581395	82	144.4679352
DS571176	15895	15951	25	36.3372093	4	7.04721635
DS571176	40434	40490	202	293.6046512	217	382.311487
DS571176	40587	40637	167	242.7325581	193	340.0281889
DS571176	53338	53391	67	97.38372093	68	119.8026779
DS571176	53493	53543	126	183.1395349	152	267.7942213
DS571176	57262	57315	25	36.3372093	10	17.61804087
DS571176	57902	57958	102	148.255814	29	51.09231853
DS571177	64865	64938	209	303.7790698	45	79.28118393
DS571177	65063	65112	175	254.3604651	68	119.8026779
DS571177	67004	67056	30	43.60465116	35	61.66314306
DS571177	81941	82025	6	8.720930233	10	17.61804087
DS571177	82084	82133	19	27.61627907	20	35.23608175
DS571177	85100	85157	29	42.15116279	51	89.85200846
DS571177	86533	86580	35	50.87209302	4	7.04721635
DS571178	8736	8787	51	74.12790698	60	105.7082452
DS571178	9431	9484	60	87.20930233	32	56.3777308
DS571178	11507	11530	84	122.0930233	132	232.5581395
DS571178	11531	11563	9	13.08139535	11	19.37984496
DS571178	11612	12066	67	97.38372093	101	177.9422128
DS571178	15692	15736	75	109.0116279	121	213.1782946
DS571178	27574	27630	66	95.93023256	99	174.4186047
DS571178	35854	35906	623	905.5232558	675	1189.217759
DS571178	39023	39071	41	59.59302326	33	58.13953488
DS571178	39194	39237	37	53.77906977	35	61.66314306
DS571178	41729	41815	77	111.9186047	90	158.5623679
DS571178	43963	44019	12	17.44186047	16	28.1888654
DS571178	56020	56064	43	62.5	61	107.4700493
DS571178	58853	58897	31	45.05813953	7	12.33262861
DS571178	59632	59710	38	55.23255814	35	61.66314306
DS571178	66988	67037	109	158.4302326	115	202.60747
DS571178	67961	68086	40	58.13953488	21	36.99788584
DS571178	74264	74317	288	418.6046512	367	646.5821001
DS571178	88354	88555	720	1046.511628	327	576.1099366
DS571178	88913	88982	15	21.80232558	5	8.809020437
DS571178	91326	91405	138	200.5813953	48	84.56659619
DS571179	8638	8692	53	77.03488372	35	61.66314306
DS571179	8933	8997	66	95.93023256	32	56.3777308
DS571179	9286	9350	47	68.31395349	69	121.564482
DS571179	26271	26362	144	209.3023256	46	81.04298802
DS571179	59204	59253	10	14.53488372	4	7.04721635
DS571179	71144	71249	78	113.372093	69	121.564482
DS571179	71343	71425	85	123.5465116	65	114.5172657
DS571179	80059	80118	5	7.26744186	5	8.809020437
DS571180	14097	14150	23	33.43023256	25	44.04510218
DS571180	15062	15116	36	52.3255814	31	54.61592671
DS571180	20443	20497	19	27.61627907	20	35.23608175
DS571180	50434	50482	23	33.43023256	20	35.23608175
DS571180	50946	51002	65	94.47674419	118	207.8928823
DS571180	91656	91760	244	354.6511628	203	357.6462297
DS571181	10658	10712	89	129.3604651	87	153.2769556
DS571181	32605	32662	2465	3582.848837	1484	2614.517266
DS571181	37789	37884	32	46.51162791	33	58.13953488
DS571181	75619	75663	192	279.0697674	179	315.3629316
DS571181	75804	75867	130	188.9534884	163	287.1740662
DS571182	24295	24340	5	7.26744186	4	7.04721635
DS571182	37821	37866	12	17.44186047	4	7.04721635
DS571182	45067	45124	15	21.80232558	7	12.33262861
DS571182	45242	45315	10	14.53488372	8	14.0944327
DS571182	45452	45522	16	23.25581395	15	26.42706131
DS571182	47665	47713	51	74.12790698	48	84.56659619
DS571182	68370	68448	21	30.52325581	42	73.99577167
DS571182	70741	70792	64	93.02325581	86	151.5151515
DS571182	71774	71827	29	42.15116279	50	88.09020437
DS571182	73431	73474	63	91.56976744	14	24.66525722
DS571182	73635	73690	65	94.47674419	24	42.2832981
DS571182	75290	75348	121	175.872093	57	100.422833
DS571183	9163	9210	25	36.3372093	17	29.95066949
DS571183	9429	9480	21	30.52325581	15	26.42706131
DS571183	19543	19602	19	27.61627907	18	31.71247357
DS571183	22329	22390	24	34.88372093	9	15.85623679
DS571183	23012	23065	189	274.7093023	233	410.5003524
DS571183	27903	27976	202	293.6046512	273	480.9725159
DS571183	31316	31399	5	7.26744186	11	19.37984496
DS571183	31860	31909	11	15.98837209	15	26.42706131
DS571183	39347	39407	74	107.5581395	112	197.3220578
DS571184	5210	5287	39	56.68604651	40	70.4721635
DS571184	6082	6134	36	52.3255814	19	33.47427766
DS571184	11865	11909	75	109.0116279	56	98.66102889
DS571184	13906	13976	5	7.26744186	5	8.809020437
DS571184	16424	16469	7	10.1744186	12	21.14164905
DS571184	16737	16783	27	39.24418605	19	33.47427766
DS571184	17271	17375	150	218.0232558	23	40.52149401
DS571184	20825	20890	20	29.06976744	29	51.09231853
DS571184	22253	22301	56	81.39534884	15	26.42706131
DS571184	38951	39011	5	7.26744186	10	17.61804087
DS571184	48894	48999	40	58.13953488	39	68.71035941
DS571184	75660	75715	90	130.8139535	4	7.04721635
DS571184	78573	78629	72	104.6511628	68	119.8026779
DS571184	78766	78821	114	165.6976744	157	276.6032417
DS571184	79398	79450	20	29.06976744	30	52.85412262
DS571184	86670	86725	1268	1843.023256	1307	2302.677942
DS571185	25902	25954	17	24.70930233	7	12.33262861
DS571185	60504	60548	84	122.0930233	36	63.42494715
DS571185	72263	72321	46	66.86046512	64	112.7554616
DS571186	1658	1716	363	527.6162791	75	132.1353066
DS571186	2936	2985	148	215.1162791	145	255.4615927
DS571186	4458	4513	44	63.95348837	24	42.2832981
DS571186	26089	26145	30	43.60465116	10	17.61804087
DS571186	32334	32408	17	24.70930233	4	7.04721635
DS571186	34253	34306	6	8.720930233	16	28.1888654
DS571186	45390	45445	37	53.77906977	68	119.8026779
DS571186	48159	48214	8	11.62790698	7	12.33262861
DS571186	51066	51109	7	10.1744186	4	7.04721635
DS571186	52203	52248	32	46.51162791	17	29.95066949
DS571186	55885	55941	20	29.06976744	27	47.56871036
DS571186	56034	56090	18	26.1627907	15	26.42706131
DS571187	26312	26367	62	90.11627907	60	105.7082452
DS571187	39095	39153	41	59.59302326	108	190.2748414
DS571187	46993	47042	14	20.34883721	18	31.71247357
DS571187	50152	50200	31	45.05813953	18	31.71247357
DS571187	50347	50421	37	53.77906977	39	68.71035941
DS571187	59691	59798	102	148.255814	34	59.90133897
DS571187	61207	61274	57	82.84883721	56	98.66102889
DS571187	72257	72306	214	311.0465116	87	153.2769556
DS571187	72796	72869	29	42.15116279	66	116.2790698
DS571187	77550	77593	17	24.70930233	7	12.33262861
DS571187	78913	78962	65	94.47674419	30	52.85412262
DS571187	79234	79280	39	56.68604651	12	21.14164905
DS571187	87045	87095	149	216.5697674	267	470.4016913
DS571188	15264	15310	30	43.60465116	29	51.09231853
DS571188	15689	15751	21	30.52325581	27	47.56871036
DS571188	21916	21972	54	78.48837209	77	135.6589147
DS571188	24652	24724	6	8.720930233	6	10.57082452
DS571188	38136	38181	18	26.1627907	9	15.85623679
DS571188	43582	43629	17	24.70930233	9	15.85623679
DS571188	58036	58138	966	1404.069767	927	1633.192389
DS571189	25414	25460	104	151.1627907	75	132.1353066
DS571189	25546	25610	110	159.8837209	71	125.0880902
DS571189	25904	25948	390	566.8604651	183	322.410148
DS571189	26057	26110	496	720.9302326	271	477.4489077
DS571189	34055	34116	726	1055.232558	561	988.372093
DS571189	34809	34864	22	31.97674419	19	33.47427766
DS571189	35666	35717	287	417.1511628	254	447.4982382
DS571189	63568	63618	73	106.1046512	73	128.6116984
DS571189	73329	73378	11	15.98837209	27	47.56871036
DS571190	1731	1801	13	18.89534884	9	15.85623679
DS571190	2421	2470	60	87.20930233	61	107.4700493
DS571190	7716	7774	471	684.5930233	478	842.1423538
DS571190	9025	9080	357	518.8953488	466	821.0007047
DS571190	14674	14730	19	27.61627907	19	33.47427766
DS571190	19859	19911	39	56.68604651	29	51.09231853
DS571190	39546	39600	206	299.4186047	67	118.0408739
DS571190	61521	61576	24	34.88372093	18	31.71247357
DS571190	66498	66543	39	56.68604651	25	44.04510218
DS571190	66726	66809	147	213.6627907	98	172.6568006
DS571190	69441	69489	10	14.53488372	6	10.57082452
DS571190	69569	69619	14	20.34883721	16	28.1888654
DS571190	69766	69825	19	27.61627907	19	33.47427766
DS571190	70024	70081	22	31.97674419	9	15.85623679
DS571190	81318	81371	15	21.80232558	12	21.14164905
DS571191	8007	8082	99	143.8953488	110	193.7984496
DS571191	16234	16286	448	651.1627907	462	813.9534884
DS571191	16898	16987	477	693.3139535	235	414.0239605
DS571191	17535	17596	13	18.89534884	7	12.33262861
DS571191	19737	19781	35	50.87209302	21	36.99788584
DS571191	22635	22692	75	109.0116279	55	96.89922481
DS571191	22794	22842	50	72.6744186	52	91.61381254
DS571191	34143	34197	14	20.34883721	12	21.14164905
DS571191	37596	37649	74	107.5581395	86	151.5151515
DS571191	39132	39179	176	255.8139535	178	313.6011276
DS571191	39942	39988	501	728.1976744	414	729.3868922
DS571191	40850	40941	240	348.8372093	240	422.832981
DS571191	43631	43679	24	34.88372093	30	52.85412262
DS571191	43776	43828	27	39.24418605	21	36.99788584
DS571191	45310	45361	38	55.23255814	48	84.56659619
DS571191	49147	49232	128	186.0465116	42	73.99577167
DS571191	54340	54395	14	20.34883721	21	36.99788584
DS571191	56389	56436	5	7.26744186	4	7.04721635
DS571192	6623	6678	15	21.80232558	5	8.809020437
DS571192	8294	8376	235	341.5697674	85	149.7533474
DS571192	59455	59506	532	773.255814	454	799.8590557
DS571192	59455	59508	7	10.1744186	6	10.57082452
DS571192	59926	60061	134	194.7674419	121	213.1782946
DS571192	64855	64907	230	334.3023256	239	421.0711769
DS571192	72027	72095	97	140.9883721	83	146.2297393
DS571193	23313	23359	91	132.2674419	131	230.7963354
DS571193	23741	23788	67	97.38372093	54	95.13742072
DS571193	36266	36319	30	43.60465116	8	14.0944327
DS571193	39592	39646	39	56.68604651	57	100.422833
DS571193	47319	47372	5	7.26744186	5	8.809020437
DS571193	67586	67640	18	26.1627907	22	38.75968992
DS571194	3919	4003	26	37.79069767	27	47.56871036
DS571194	7812	7890	54	78.48837209	25	44.04510218
DS571194	35750	35803	93	135.1744186	57	100.422833
DS571194	36741	36784	418	607.5581395	164	288.9358703
DS571194	63919	64048	12	17.44186047	4	7.04721635
DS571195	10026	10083	5	7.26744186	6	10.57082452
DS571195	14005	14091	87	126.4534884	61	107.4700493
DS571195	14688	14743	62	90.11627907	10	17.61804087
DS571195	16571	16625	87	126.4534884	58	102.1846371
DS571195	26386	26430	28	40.69767442	24	42.2832981
DS571195	28282	28345	18	26.1627907	28	49.33051445
DS571195	29045	29133	260	377.9069767	227	399.9295278
DS571195	46756	46841	77	111.9186047	97	170.8949965
DS571195	46930	47019	16	23.25581395	16	28.1888654
DS571195	50919	51004	259	376.4534884	197	347.0754052
DS571195	51088	51173	391	568.3139535	289	509.1613813
DS571195	51276	51329	424	616.2790698	279	491.5433404
DS571195	51390	51445	220	319.7674419	142	250.1761804
DS571195	60000	60057	158	229.6511628	123	216.7019027
DS571195	60216	60278	93	135.1744186	51	89.85200846
DS571196	43155	43206	61	88.6627907	72	126.8498943
DS571196	58551	58601	603	876.4534884	296	521.4940099
DS571196	73234	73276	30	43.60465116	37	65.18675123
DS571196	73900	73974	24	34.88372093	23	40.52149401
DS571197	44776	44829	37	53.77906977	29	51.09231853
DS571197	44779	44829	48	69.76744186	78	137.4207188
DS571197	44967	45107	181	263.0813953	200	352.3608175
DS571197	50845	50899	38	55.23255814	57	100.422833
DS571197	53338	53483	416	604.6511628	104	183.2276251
DS571197	65255	65386	182	264.5348837	35	61.66314306
DS571198	8822	8870	12	17.44186047	15	26.42706131
DS571198	9425	9467	35	50.87209302	22	38.75968992
DS571198	9819	9873	29	42.15116279	43	75.75757576
DS571198	11132	11189	113	164.244186	52	91.61381254
DS571198	11354	11401	97	140.9883721	44	77.51937984
DS571198	12419	12474	28	40.69767442	31	54.61592671
DS571198	23380	23443	22	31.97674419	45	79.28118393
DS571198	27847	27893	6	8.720930233	6	10.57082452
DS571198	40569	40621	9	13.08139535	15	26.42706131
DS571198	71120	71173	72	104.6511628	22	38.75968992
DS571199	15867	15917	54	78.48837209	63	110.9936575
DS571199	21264	21350	5	7.26744186	7	12.33262861
DS571199	23625	23676	59	85.75581395	58	102.1846371
DS571199	42518	42582	94	136.627907	44	77.51937984
DS571199	42727	42909	54	78.48837209	53	93.37561663
DS571199	48021	48072	11	15.98837209	34	59.90133897
DS571199	48729	48892	18	26.1627907	21	36.99788584
DS571199	64722	64773	50	72.6744186	55	96.89922481
DS571200	30613	30667	13	18.89534884	20	35.23608175
DS571200	31110	31296	471	684.5930233	446	785.764623
DS571200	40199	40251	10	14.53488372	14	24.66525722
DS571200	46405	46454	225	327.0348837	325	572.5863284
DS571200	47836	47899	56	81.39534884	39	68.71035941
DS571200	48908	48934	36	52.3255814	41	72.23396758
DS571200	51871	51921	558	811.0465116	680	1198.026779
DS571200	54538	54598	12	17.44186047	4	7.04721635
DS571200	62024	62072	9	13.08139535	5	8.809020437
DS571201	24901	24962	108	156.9767442	61	107.4700493
DS571201	61941	62053	18	26.1627907	8	14.0944327
DS571201	62749	62971	38	55.23255814	31	54.61592671
DS571201	64157	64234	36	52.3255814	31	54.61592671
DS571201	64519	64604	53	77.03488372	30	52.85412262
DS571201	67911	67977	245	356.1046512	236	415.7857646
DS571201	68231	68284	167	242.7325581	223	392.8823115
DS571201	70551	70604	9	13.08139535	8	14.0944327
DS571201	71183	71234	40	58.13953488	49	86.32840028
DS571202	14035	14080	97	140.9883721	102	179.7040169
DS571202	14322	14371	71	103.1976744	92	162.085976
DS571202	14657	14724	65	94.47674419	67	118.0408739
DS571202	20909	20963	78	113.372093	4	7.04721635
DS571202	30861	30913	836	1215.116279	473	833.3333333
DS571202	36139	36223	6	8.720930233	4	7.04721635
DS571202	58964	59017	97	140.9883721	13	22.90345314
DS571202	63611	63673	196	284.8837209	230	405.2149401
DS571203	5521	5580	16	23.25581395	19	33.47427766
DS571203	5740	5786	11	15.98837209	4	7.04721635
DS571203	6252	6297	9	13.08139535	9	15.85623679
DS571203	8550	8602	51	74.12790698	25	44.04510218
DS571203	11682	11760	20	29.06976744	24	42.2832981
DS571203	30451	30514	9	13.08139535	7	12.33262861
DS571203	30870	30922	24	34.88372093	17	29.95066949
DS571203	31349	31407	20	29.06976744	11	19.37984496
DS571203	33216	33269	30	43.60465116	25	44.04510218
DS571203	33503	33578	47	68.31395349	24	42.2832981
DS571203	33711	33782	33	47.96511628	29	51.09231853
DS571203	55597	55644	79	114.8255814	57	100.422833
DS571203	56970	57018	22	31.97674419	29	51.09231853
DS571204	8801	8845	78	113.372093	31	54.61592671
DS571204	9446	9499	31	45.05813953	9	15.85623679
DS571204	10063	10118	90	130.8139535	27	47.56871036
DS571204	16806	16872	39	56.68604651	31	54.61592671
DS571204	20761	20805	123	178.7790698	147	258.9852008
DS571204	21209	21257	39	56.68604651	12	21.14164905
DS571204	21375	21421	138	200.5813953	39	68.71035941
DS571204	30169	30238	8	11.62790698	6	10.57082452
DS571204	32075	32135	11	15.98837209	11	19.37984496
DS571204	46317	46366	72	104.6511628	60	105.7082452
DS571204	47048	47096	6	8.720930233	13	22.90345314
DS571204	48293	48348	30	43.60465116	12	21.14164905
DS571204	49089	49148	10	14.53488372	6	10.57082452
DS571205	17922	17970	302	438.9534884	321	565.5391121
DS571205	33361	33409	28	40.69767442	15	26.42706131
DS571205	33570	33622	40	58.13953488	17	29.95066949
DS571205	57052	57124	12	17.44186047	13	22.90345314
DS571206	10081	10138	17	24.70930233	11	19.37984496
DS571206	10782	10833	17	24.70930233	22	38.75968992
DS571206	17569	17624	12	17.44186047	8	14.0944327
DS571206	19946	19991	182	264.5348837	123	216.7019027
DS571206	20230	20296	27	39.24418605	43	75.75757576
DS571206	27286	27344	132	191.8604651	60	105.7082452
DS571206	27836	27891	120	174.4186047	91	160.324172
DS571206	32984	33046	21	30.52325581	33	58.13953488
DS571206	57349	57394	17	24.70930233	8	14.0944327
DS571206	57972	58029	37	53.77906977	24	42.2832981
DS571206	62694	62750	25	36.3372093	38	66.94855532
DS571207	12189	12234	244	354.6511628	224	394.6441156
DS571207	12283	12330	299	434.5930233	232	408.7385483
DS571207	13241	13293	60	87.20930233	22	38.75968992
DS571207	23493	23542	8	11.62790698	5	8.809020437
DS571207	25332	25389	12	17.44186047	10	17.61804087
DS571207	28044	28095	12	17.44186047	12	21.14164905
DS571207	36496	36551	120	174.4186047	109	192.0366455
DS571207	36906	36958	39	56.68604651	78	137.4207188
DS571207	37152	37196	33	47.96511628	45	79.28118393
DS571207	37346	37391	16	23.25581395	31	54.61592671
DS571207	40729	40783	120	174.4186047	157	276.6032417
DS571207	46753	46812	107	155.5232558	171	301.2684989
DS571207	56871	56917	30	43.60465116	53	93.37561663
DS571207	60970	61019	9	13.08139535	9	15.85623679
DS571208	5402	5453	82	119.1860465	87	153.2769556
DS571208	7208	7264	16	23.25581395	10	17.61804087
DS571208	14794	14849	500	726.744186	468	824.5243129
DS571208	42481	42528	59	85.75581395	52	91.61381254
DS571208	54128	54185	34	49.41860465	21	36.99788584
DS571209	22852	22911	1091	1585.755814	1278	2251.585624
DS571210	38294	38340	367	533.4302326	284	500.3523608
DS571210	38457	38512	267	388.0813953	125	220.2255109
DS571210	48048	48133	26	37.79069767	22	38.75968992
DS571210	48280	48366	29	42.15116279	40	70.4721635
DS571211	9806	9883	934	1357.55814	688	1212.121212
DS571211	16874	16940	13	18.89534884	14	24.66525722
DS571211	35699	35806	21	30.52325581	10	17.61804087
DS571211	40691	40749	30	43.60465116	44	77.51937984
DS571211	51740	51796	83	120.6395349	70	123.3262861
DS571213	8124	8196	61	88.6627907	86	151.5151515
DS571213	13385	13442	60	87.20930233	53	93.37561663
DS571213	13900	13944	7	10.1744186	6	10.57082452
DS571213	14737	14798	9	13.08139535	12	21.14164905
DS571213	19433	19481	47	68.31395349	22	38.75968992
DS571213	34714	34800	99	143.8953488	87	153.2769556
DS571214	19573	19639	82	119.1860465	74	130.3735025
DS571214	19744	19808	99	143.8953488	100	176.1804087
DS571214	26235	26295	128	186.0465116	209	368.2170543
DS571214	26354	26445	185	268.8953488	248	436.9274137
DS571214	26503	26564	157	228.1976744	191	336.5045807
DS571214	41205	41253	44	63.95348837	28	49.33051445
DS571214	42783	42806	13	18.89534884	15	26.42706131
DS571214	44316	44339	5	7.26744186	12	21.14164905
DS571214	44436	44459	12	17.44186047	17	29.95066949
DS571214	44436	44483	12	17.44186047	20	35.23608175
DS571214	44436	44627	5	7.26744186	11	19.37984496
DS571214	44460	44531	5	7.26744186	12	21.14164905
DS571214	44532	44579	14	20.34883721	4	7.04721635
DS571215	12717	12765	131	190.4069767	115	202.60747
DS571215	12897	12947	13	18.89534884	7	12.33262861
DS571215	12904	12947	169	245.6395349	158	278.3650458
DS571215	13054	13120	6	8.720930233	16	28.1888654
DS571215	13054	13126	6	8.720930233	14	24.66525722
DS571215	15629	15687	154	223.8372093	126	221.987315
DS571215	15928	15976	23	33.43023256	20	35.23608175
DS571215	25866	25924	214	311.0465116	212	373.5024665
DS571215	26337	26399	26	37.79069767	34	59.90133897
DS571215	32122	32173	56	81.39534884	33	58.13953488
DS571215	49985	50031	9	13.08139535	14	24.66525722
DS571215	56531	56584	30	43.60465116	41	72.23396758
DS571216	17226	17287	22	31.97674419	13	22.90345314
DS571216	17501	17549	43	62.5	22	38.75968992
DS571216	30415	30475	58	84.30232558	41	72.23396758
DS571216	38755	38806	53	77.03488372	49	86.32840028
DS571216	39037	39098	63	91.56976744	57	100.422833
DS571216	43430	43489	82	119.1860465	19	33.47427766
DS571217	1837	1890	5	7.26744186	13	22.90345314
DS571217	2096	2144	16	23.25581395	16	28.1888654
DS571217	19081	19141	25	36.3372093	31	54.61592671
DS571217	19437	19494	60	87.20930233	23	40.52149401
DS571217	25582	25635	14	20.34883721	12	21.14164905
DS571217	30542	30592	8	11.62790698	5	8.809020437
DS571217	53321	53371	7	10.1744186	14	24.66525722
DS571217	54068	54125	13	18.89534884	19	33.47427766
DS571218	9301	9385	11	15.98837209	4	7.04721635
DS571218	26464	26567	11	15.98837209	7	12.33262861
DS571218	27387	27439	229	332.8488372	214	377.0260747
DS571218	56448	56493	35	50.87209302	29	51.09231853
DS571219	22890	22946	16	23.25581395	49	86.32840028
DS571219	25951	25994	34	49.41860465	17	29.95066949
DS571219	34487	34554	37	53.77906977	32	56.3777308
DS571219	36095	36141	75	109.0116279	73	128.6116984
DS571219	42107	42172	398	578.4883721	361	636.0112755
DS571219	44001	44323	7	10.1744186	8	14.0944327
DS571219	60451	60512	8	11.62790698	11	19.37984496
DS571220	19055	19101	34	49.41860465	4	7.04721635
DS571220	19866	19935	57	82.84883721	91	160.324172
DS571220	25280	25558	27	39.24418605	37	65.18675123
DS571220	28976	29040	62	90.11627907	57	100.422833
DS571220	33698	33758	5	7.26744186	7	12.33262861
DS571220	43919	43971	349	507.2674419	548	965.4686399
DS571221	8406	8459	30	43.60465116	48	84.56659619
DS571221	17576	17634	26	37.79069767	9	15.85623679
DS571221	54806	54865	67	97.38372093	59	103.9464412
DS571221	55010	55066	52	75.58139535	44	77.51937984
DS571222	12964	13019	140	203.4883721	34	59.90133897
DS571222	14823	14886	7	10.1744186	5	8.809020437
DS571222	19960	20012	39	56.68604651	48	84.56659619
DS571222	24042	24158	451	655.5232558	485	854.4749824
DS571222	36442	36501	9	13.08139535	16	28.1888654
DS571222	36452	36501	712	1034.883721	753	1326.638478
DS571222	36748	36794	567	824.127907	442	778.7174066
DS571222	38325	38378	16	23.25581395	27	47.56871036
DS571222	45270	45351	11	15.98837209	4	7.04721635
DS571222	47330	47387	71	103.1976744	14	24.66525722
DS571223	6216	6273	225	327.0348837	128	225.5109232
DS571223	6434	6559	161	234.0116279	94	165.6095842
DS571223	14535	14600	254	369.1860465	297	523.255814
DS571223	16587	16636	22	31.97674419	31	54.61592671
DS571223	17266	17329	13	18.89534884	15	26.42706131
DS571223	17855	17900	187	271.8023256	37	65.18675123
DS571223	30432	30491	25	36.3372093	16	28.1888654
DS571223	37149	37196	15	21.80232558	34	59.90133897
DS571224	16026	16073	18	26.1627907	15	26.42706131
DS571224	17087	17155	310	450.5813953	361	636.0112755
DS571224	17493	17544	238	345.9302326	89	156.8005638
DS571224	19864	19913	60	87.20930233	30	52.85412262
DS571224	19864	19936	3227	4690.406977	2072	3650.458069
DS571224	51315	51404	103	149.7093023	5	8.809020437
DS571224	53921	53970	127	184.5930233	144	253.6997886
DS571225	7734	7801	21	30.52325581	18	31.71247357
DS571225	16598	16642	75	109.0116279	68	119.8026779
DS571225	36129	36175	150	218.0232558	23	40.52149401
DS571225	36482	36550	95	138.0813953	41	72.23396758
DS571225	50468	50516	169	245.6395349	62	109.2318534
DS571226	14226	14290	16	23.25581395	8	14.0944327
DS571226	15124	15176	205	297.9651163	107	188.5130374
DS571226	27278	27365	420	610.4651163	245	431.6420014
DS571226	27467	27559	260	377.9069767	182	320.6483439
DS571226	28961	29010	131	190.4069767	55	96.89922481
DS571226	29838	29891	45	65.40697674	47	82.80479211
DS571227	7273	7341	162	235.4651163	111	195.5602537
DS571227	7814	7895	351	510.1744186	159	280.1268499
DS571227	12380	12448	21	30.52325581	36	63.42494715
DS571227	13005	13078	576	837.2093023	296	521.4940099
DS571227	16516	16571	155	225.2906977	156	274.8414376
DS571227	22831	22889	99	143.8953488	105	184.9894292
DS571227	22986	23046	107	155.5232558	119	209.6546864
DS571227	23488	23550	206	299.4186047	224	394.6441156
DS571227	26191	26232	22	31.97674419	7	12.33262861
DS571227	27431	27482	23	33.43023256	8	14.0944327
DS571227	40635	40714	21	30.52325581	5	8.809020437
DS571227	42008	42053	63	91.56976744	92	162.085976
DS571227	44772	44822	6	8.720930233	7	12.33262861
DS571227	52588	52731	18	26.1627907	8	14.0944327
DS571227	53187	54006	10	14.53488372	4	7.04721635
DS571227	53344	53400	127	184.5930233	156	274.8414376
DS571227	53495	53595	209	303.7790698	236	415.7857646
DS571227	54108	54249	9	13.08139535	4	7.04721635
DS571227	55638	55689	11	15.98837209	13	22.90345314
DS571228	15494	15564	7	10.1744186	10	17.61804087
DS571228	16800	16944	88	127.9069767	14	24.66525722
DS571228	19507	19582	18	26.1627907	6	10.57082452
DS571228	46136	46181	622	904.0697674	644	1134.601832
DS571229	11600	11659	21	30.52325581	17	29.95066949
DS571229	12458	12527	23	33.43023256	6	10.57082452
DS571229	16938	16987	263	382.2674419	325	572.5863284
DS571229	21627	21653	5	7.26744186	5	8.809020437
DS571229	33037	33095	91	132.2674419	104	183.2276251
DS571229	33847	33894	68	98.8372093	18	31.71247357
DS571230	13079	13137	74	107.5581395	5	8.809020437
DS571230	24475	24535	54	78.48837209	77	135.6589147
DS571230	29520	29565	191	277.6162791	230	405.2149401
DS571230	29780	29833	409	594.4767442	256	451.0218464
DS571230	31366	31416	52	75.58139535	61	107.4700493
DS571230	43145	43193	38	55.23255814	45	79.28118393
DS571230	50325	50383	41	59.59302326	67	118.0408739
DS571231	36485	36534	12	17.44186047	11	19.37984496
DS571231	42360	42496	74	107.5581395	77	135.6589147
DS571231	51003	51058	70	101.744186	63	110.9936575
DS571231	51479	51535	123	178.7790698	69	121.564482
DS571232	16956	17002	76	110.4651163	24	42.2832981
DS571232	33501	33555	87	126.4534884	29	51.09231853
DS571232	39164	39215	54	78.48837209	22	38.75968992
DS571232	40262	40379	51	74.12790698	26	45.80690627
DS571232	41687	41789	23	33.43023256	19	33.47427766
DS571232	49232	49294	63	91.56976744	27	47.56871036
DS571233	9715	9763	46	66.86046512	38	66.94855532
DS571233	12200	12255	6	8.720930233	7	12.33262861
DS571233	23867	23913	42	61.04651163	44	77.51937984
DS571233	29439	29493	54	78.48837209	15	26.42706131
DS571233	31196	31368	26	37.79069767	22	38.75968992
DS571233	33475	33528	120	174.4186047	99	174.4186047
DS571233	37721	37831	90	130.8139535	85	149.7533474
DS571233	38043	38088	135	196.2209302	81	142.7061311
DS571233	38717	38785	115	167.1511628	105	184.9894292
DS571233	41043	41117	8	11.62790698	9	15.85623679
DS571234	30734	30777	8	11.62790698	11	19.37984496
DS571234	33367	33411	12	17.44186047	19	33.47427766
DS571234	33412	33456	20	29.06976744	13	22.90345314
DS571234	33478	33522	8	11.62790698	9	15.85623679
DS571235	25194	25248	22	31.97674419	14	24.66525722
DS571235	28935	28984	35	50.87209302	6	10.57082452
DS571235	31777	31909	17	24.70930233	26	45.80690627
DS571235	32896	32948	22	31.97674419	29	51.09231853
DS571235	43902	43960	152	220.9302326	166	292.4594785
DS571235	44434	44493	12	17.44186047	34	59.90133897
DS571235	45538	45589	17	24.70930233	7	12.33262861
DS571235	45942	46005	46	66.86046512	6	10.57082452
DS571235	48691	48746	63	91.56976744	50	88.09020437
DS571235	51295	51347	26	37.79069767	4	7.04721635
DS571236	21369	21420	54	78.48837209	89	156.8005638
DS571236	22688	22739	18	26.1627907	12	21.14164905
DS571237	14526	14592	69	100.2906977	58	102.1846371
DS571237	21658	21725	78	113.372093	9	15.85623679
DS571237	53195	53244	11	15.98837209	17	29.95066949
DS571238	16957	17007	173	251.4534884	125	220.2255109
DS571238	21451	21515	122	177.3255814	125	220.2255109
DS571238	34333	34382	44	63.95348837	34	59.90133897
DS571238	35550	35598	19	27.61627907	11	19.37984496
DS571239	2570	2671	535	777.6162791	254	447.4982382
DS571239	2921	3044	295	428.7790698	218	384.0732911
DS571239	3551	3608	173	251.4534884	241	424.5947851
DS571239	13796	13842	125	181.6860465	176	310.0775194
DS571239	49018	49067	186	270.3488372	55	96.89922481
DS571240	19018	19078	17	24.70930233	6	10.57082452
DS571240	19809	19867	32	46.51162791	26	45.80690627
DS571240	21423	21470	97	140.9883721	32	56.3777308
DS571240	41599	41648	21	30.52325581	21	36.99788584
DS571240	41809	41859	19	27.61627907	20	35.23608175
DS571240	41986	42043	5	7.26744186	11	19.37984496
DS571241	6783	6834	26	37.79069767	23	40.52149401
DS571241	7747	7828	15	21.80232558	12	21.14164905
DS571241	11044	11103	45	65.40697674	57	100.422833
DS571241	32365	32420	22	31.97674419	9	15.85623679
DS571241	34956	35010	6	8.720930233	23	40.52149401
DS571241	36207	36254	114	165.6976744	25	44.04510218
DS571241	41879	41941	7	10.1744186	5	8.809020437
DS571242	13021	13083	29	42.15116279	40	70.4721635
DS571242	13799	13849	26	37.79069767	8	14.0944327
DS571242	13939	13986	43	62.5	19	33.47427766
DS571242	17031	17084	39	56.68604651	34	59.90133897
DS571242	36657	36725	28	40.69767442	51	89.85200846
DS571242	43607	43668	8	11.62790698	9	15.85623679
DS571242	45665	45802	49	71.22093023	12	21.14164905
DS571242	46030	46077	192	279.0697674	56	98.66102889
DS571242	47762	47820	94	136.627907	99	174.4186047
DS571242	47943	47993	59	85.75581395	79	139.1825229
DS571243	4356	4420	22	31.97674419	26	45.80690627
DS571243	6295	6345	27	39.24418605	12	21.14164905
DS571243	7384	7468	79	114.8255814	19	33.47427766
DS571243	9222	9277	38	55.23255814	76	133.8971106
DS571243	9916	9966	103	149.7093023	94	165.6095842
DS571243	10029	10075	90	130.8139535	72	126.8498943
DS571243	14168	14229	14	20.34883721	19	33.47427766
DS571243	36310	36368	43	62.5	53	93.37561663
DS571243	50098	50151	40	58.13953488	23	40.52149401
DS571243	50293	50340	28	40.69767442	35	61.66314306
DS571243	50611	50661	31	45.05813953	40	70.4721635
DS571244	38443	38501	107	155.5232558	100	176.1804087
DS571244	41968	42100	1584	2302.325581	1778	3132.487667
DS571244	45365	45480	60	87.20930233	69	121.564482
DS571245	10911	10959	35	50.87209302	29	51.09231853
DS571245	11164	11211	10	14.53488372	16	28.1888654
DS571245	32635	32692	28	40.69767442	5	8.809020437
DS571246	9910	9971	541	786.3372093	654	1152.219873
DS571246	16787	16841	82	119.1860465	106	186.7512333
DS571246	17251	17310	100	145.3488372	81	142.7061311
DS571246	33935	33983	78	113.372093	109	192.0366455
DS571246	41921	41985	22	31.97674419	20	35.23608175
DS571247	19969	20027	113	164.244186	91	160.324172
DS571247	20728	20836	41	59.59302326	6	10.57082452
DS571247	23643	23718	203	295.0581395	67	118.0408739
DS571247	24239	24285	6	8.720930233	7	12.33262861
DS571247	32871	32965	14	20.34883721	10	17.61804087
DS571247	32871	32970	256	372.0930233	240	422.832981
DS571248	14743	14819	13	18.89534884	7	12.33262861
DS571248	16400	16441	10	14.53488372	8	14.0944327
DS571248	26726	26780	22	31.97674419	23	40.52149401
DS571248	31147	31242	999	1452.034884	1285	2263.918252
DS571248	31191	31242	11	15.98837209	7	12.33262861
DS571249	9652	9707	9	13.08139535	4	7.04721635
DS571249	35031	35087	14	20.34883721	5	8.809020437
DS571249	40025	40065	73	106.1046512	73	128.6116984
DS571249	48318	48387	8	11.62790698	8	14.0944327
DS571250	37547	37606	152	220.9302326	225	396.4059197
DS571250	41228	41286	30	43.60465116	15	26.42706131
DS571250	48077	48138	1010	1468.023256	1128	1987.315011
DS571251	34034	34091	11	15.98837209	7	12.33262861
DS571252	32095	32141	19	27.61627907	18	31.71247357
DS571252	35700	36077	7	10.1744186	6	10.57082452
DS571253	5325	5399	33	47.96511628	30	52.85412262
DS571253	5958	6016	18	26.1627907	21	36.99788584
DS571253	6135	6178	14	20.34883721	24	42.2832981
DS571253	20694	20750	57	82.84883721	49	86.32840028
DS571253	40554	40614	99	143.8953488	125	220.2255109
DS571254	2266	2323	242	351.744186	311	547.9210712
DS571254	5773	5830	147	213.6627907	4	7.04721635
DS571254	13319	13372	869	1263.081395	1260	2219.87315
DS571254	22823	22878	372	540.6976744	404	711.7688513
DS571254	27877	27928	10	14.53488372	9	15.85623679
DS571254	37666	37712	56	81.39534884	11	19.37984496
DS571255	18762	18823	50	72.6744186	43	75.75757576
DS571255	19387	19445	76	110.4651163	80	140.944327
DS571255	27809	27865	15	21.80232558	9	15.85623679
DS571255	28638	28687	6	8.720930233	9	15.85623679
DS571256	16973	17031	639	928.7790698	906	1596.194503
DS571256	22242	22311	132	191.8604651	68	119.8026779
DS571256	31075	31126	14	20.34883721	12	21.14164905
DS571256	33681	33742	7	10.1744186	5	8.809020437
DS571256	34937	35002	30	43.60465116	14	24.66525722
DS571256	35311	35358	18	26.1627907	21	36.99788584
DS571256	35732	35797	188	273.255814	200	352.3608175
DS571256	35951	36009	39	56.68604651	40	70.4721635
DS571257	5168	5221	41	59.59302326	8	14.0944327
DS571257	5395	5485	53	77.03488372	14	24.66525722
DS571257	5607	5673	73	106.1046512	14	24.66525722
DS571257	14864	14927	79	114.8255814	74	130.3735025
DS571257	27007	27058	14	20.34883721	5	8.809020437
DS571257	27141	27192	9	13.08139535	6	10.57082452
DS571257	42461	42532	45	65.40697674	42	73.99577167
DS571258	33865	33920	7	10.1744186	9	15.85623679
DS571259	2155	2211	57	82.84883721	34	59.90133897
DS571259	18488	18540	42	61.04651163	45	79.28118393
DS571259	33098	33147	104	151.1627907	106	186.7512333
DS571259	33289	33345	53	77.03488372	72	126.8498943
DS571259	39707	39757	61	88.6627907	55	96.89922481
DS571260	16034	16089	5	7.26744186	5	8.809020437
DS571260	16218	16278	6	8.720930233	8	14.0944327
DS571260	17866	18089	8	11.62790698	6	10.57082452
DS571260	18217	18282	15	21.80232558	4	7.04721635
DS571260	27476	27518	6	8.720930233	4	7.04721635
DS571260	28448	28576	19	27.61627907	23	40.52149401
DS571260	29162	29237	53	77.03488372	47	82.80479211
DS571260	33765	33877	57	82.84883721	4	7.04721635
DS571260	37291	37349	10	14.53488372	14	24.66525722
DS571260	37901	38086	283	411.3372093	117	206.1310782
DS571260	38727	38787	163	236.9186047	37	65.18675123
DS571260	41166	41223	40	58.13953488	26	45.80690627
DS571260	42286	42338	10	14.53488372	10	17.61804087
DS571261	28005	28051	34	49.41860465	15	26.42706131
DS571261	31611	31666	10	14.53488372	9	15.85623679
DS571261	33249	33310	59	85.75581395	79	139.1825229
DS571261	44319	44393	363	527.6162791	343	604.298802
DS571261	46021	46064	13	18.89534884	32	56.3777308
DS571262	13672	13741	89	129.3604651	121	213.1782946
DS571263	1088	1136	13	18.89534884	14	24.66525722
DS571263	9171	9230	12	17.44186047	5	8.809020437
DS571263	9739	9792	20	29.06976744	67	118.0408739
DS571263	9929	9974	67	97.38372093	74	130.3735025
DS571263	21420	21464	15	21.80232558	10	17.61804087
DS571263	21836	21899	58	84.30232558	53	93.37561663
DS571263	22505	22550	142	206.3953488	111	195.5602537
DS571263	33365	33433	68	98.8372093	71	125.0880902
DS571263	33499	33549	56	81.39534884	69	121.564482
DS571264	4824	4883	121	175.872093	77	135.6589147
DS571264	4977	5052	16	23.25581395	8	14.0944327
DS571264	17252	17305	136	197.6744186	141	248.4143763
DS571264	17566	17619	51	74.12790698	85	149.7533474
DS571264	37248	37318	11	15.98837209	18	31.71247357
DS571264	39953	40055	64	93.02325581	33	58.13953488
DS571264	40107	40194	17	24.70930233	15	26.42706131
DS571265	19459	19556	25	36.3372093	9	15.85623679
DS571265	20140	20203	12	17.44186047	11	19.37984496
DS571265	20483	20531	6	8.720930233	10	17.61804087
DS571265	20702	20766	10	14.53488372	16	28.1888654
DS571265	25571	25617	9	13.08139535	8	14.0944327
DS571265	36796	36844	52	75.58139535	32	56.3777308
DS571266	15685	15744	52	75.58139535	114	200.845666
DS571266	21408	21464	13	18.89534884	7	12.33262861
DS571266	25845	25899	445	646.8023256	474	835.0951374
DS571266	30659	30725	77	111.9186047	115	202.60747
DS571266	31106	31157	96	139.5348837	110	193.7984496
DS571267	29237	29294	46	66.86046512	42	73.99577167
DS571267	29681	29728	60	87.20930233	25	44.04510218
DS571267	37517	37561	43	62.5	11	19.37984496
DS571268	38225	38274	148	215.1162791	114	200.845666
DS571268	44878	44934	76	110.4651163	61	107.4700493
DS571269	18210	18263	16	23.25581395	16	28.1888654
DS571270	1923	1968	64	93.02325581	81	142.7061311
DS571270	12708	12762	13	18.89534884	16	28.1888654
DS571270	21751	21801	118	171.5116279	61	107.4700493
DS571270	31042	31094	200	290.6976744	201	354.1226216
DS571270	32551	32615	180	261.627907	146	257.2233968
DS571270	41387	41433	32	46.51162791	20	35.23608175
DS571271	15233	15288	13	18.89534884	12	21.14164905
DS571271	22998	23069	24	34.88372093	16	28.1888654
DS571272	15575	15621	136	197.6744186	90	158.5623679
DS571272	16582	16628	42	61.04651163	4	7.04721635
DS571272	19137	19186	17	24.70930233	26	45.80690627
DS571272	21321	21376	6	8.720930233	9	15.85623679
DS571272	31813	31860	265	385.1744186	221	389.3587033
DS571272	32259	32314	19	27.61627907	14	24.66525722
DS571273	20163	20215	29	42.15116279	22	38.75968992
DS571273	20337	20386	10	14.53488372	9	15.85623679
DS571273	30177	30222	94	136.627907	19	33.47427766
DS571273	33731	34002	41	59.59302326	30	52.85412262
DS571273	33950	34002	7	10.1744186	10	17.61804087
DS571273	38166	38212	30	43.60465116	18	31.71247357
DS571275	9430	9478	33	47.96511628	56	98.66102889
DS571275	12722	12771	240	348.8372093	179	315.3629316
DS571275	13051	13108	265	385.1744186	319	562.0155039
DS571275	18301	18352	59	85.75581395	65	114.5172657
DS571275	20276	20337	356	517.4418605	168	295.9830867
DS571275	22384	22427	6	8.720930233	5	8.809020437
DS571275	26188	26247	99	143.8953488	116	204.3692741
DS571275	29103	29150	33	47.96511628	51	89.85200846
DS571275	30809	30866	30	43.60465116	14	24.66525722
DS571276	4026	4074	35	50.87209302	26	45.80690627
DS571276	14392	14694	11	15.98837209	8	14.0944327
DS571276	32395	32469	63	91.56976744	22	38.75968992
DS571276	33386	33436	208	302.3255814	195	343.551797
DS571276	33567	33627	203	295.0581395	152	267.7942213
DS571276	34920	35159	165	239.8255814	59	103.9464412
DS571276	35244	35357	173	251.4534884	62	109.2318534
DS571277	25758	25814	38	55.23255814	29	51.09231853
DS571277	26181	26231	36	52.3255814	33	58.13953488
DS571277	26366	26418	30	43.60465116	33	58.13953488
DS571277	41346	41484	52	75.58139535	63	110.9936575
DS571278	18787	18860	8	11.62790698	7	12.33262861
DS571278	28816	28868	5	7.26744186	9	15.85623679
DS571278	29140	29192	13	18.89534884	19	33.47427766
DS571278	29470	29544	16	23.25581395	5	8.809020437
DS571278	33129	33181	31	45.05813953	38	66.94855532
DS571278	33947	33991	97	140.9883721	75	132.1353066
DS571278	34147	34229	84	122.0930233	65	114.5172657
DS571279	803	851	78	113.372093	46	81.04298802
DS571279	3649	3694	182	264.5348837	238	419.3093728
DS571279	10143	10190	23	33.43023256	12	21.14164905
DS571279	33622	33675	179	260.1744186	52	91.61381254
DS571279	42370	42427	12	17.44186047	6	10.57082452
DS571280	20399	20452	27	39.24418605	11	19.37984496
DS571280	21566	21628	26	37.79069767	43	75.75757576
DS571280	24507	24578	10	14.53488372	8	14.0944327
DS571280	28506	28552	13	18.89534884	7	12.33262861
DS571281	6112	6161	122	177.3255814	112	197.3220578
DS571281	25453	25500	14	20.34883721	4	7.04721635
DS571281	26061	26132	46	66.86046512	73	128.6116984
DS571282	12682	12729	115	167.1511628	55	96.89922481
DS571282	26325	26406	22	31.97674419	4	7.04721635
DS571282	26459	26516	9	13.08139535	6	10.57082452
DS571283	1513	1575	123	178.7790698	138	243.1289641
DS571283	3138	3189	9	13.08139535	6	10.57082452
DS571283	3146	3189	521	757.2674419	283	498.5905567
DS571283	3357	3407	212	308.1395349	118	207.8928823
DS571284	14889	14935	29	42.15116279	42	73.99577167
DS571284	15614	15658	19	27.61627907	8	14.0944327
DS571284	15787	15839	18	26.1627907	7	12.33262861
DS571284	31765	31821	14	20.34883721	21	36.99788584
DS571284	31765	31823	12	17.44186047	4	7.04721635
DS571286	26182	26237	32	46.51162791	46	81.04298802
DS571286	30268	30319	3217	4675.872093	4474	7882.311487
DS571286	30838	30889	6	8.720930233	14	24.66525722
DS571286	30838	30897	218	316.8604651	212	373.5024665
DS571286	32626	32859	756	1098.837209	648	1141.649049
DS571287	10231	10353	6	8.720930233	7	12.33262861
DS571287	12390	12438	57	82.84883721	54	95.13742072
DS571287	12925	13099	99	143.8953488	35	61.66314306
DS571287	13244	13396	127	184.5930233	36	63.42494715
DS571287	31127	31198	7	10.1744186	6	10.57082452
DS571287	31152	31198	341	495.6395349	517	910.8527132
DS571288	16820	16884	5	7.26744186	5	8.809020437
DS571289	24534	24580	21	30.52325581	23	40.52149401
DS571289	25281	25347	20	29.06976744	4	7.04721635
DS571290	26463	26510	13	18.89534884	11	19.37984496
DS571291	10327	10385	48	69.76744186	67	118.0408739
DS571291	10844	10898	26	37.79069767	17	29.95066949
DS571291	15559	15613	43	62.5	8	14.0944327
DS571291	25194	25252	79	114.8255814	59	103.9464412
DS571292	15607	15668	54	78.48837209	72	126.8498943
DS571292	20247	20299	21	30.52325581	25	44.04510218
DS571292	21086	21130	11	15.98837209	4	7.04721635
DS571292	21624	21673	28	40.69767442	7	12.33262861
DS571292	24075	24124	52	75.58139535	72	126.8498943
DS571292	25001	25051	28	40.69767442	29	51.09231853
DS571293	9183	9227	8	11.62790698	8	14.0944327
DS571293	17366	17432	22	31.97674419	7	12.33262861
DS571293	17875	17924	12	17.44186047	8	14.0944327
DS571293	18452	18535	17	24.70930233	27	47.56871036
DS571293	18845	18900	32	46.51162791	29	51.09231853
DS571293	32550	32628	223	324.127907	261	459.8308668
DS571294	4507	4646	2420	3517.44186	1611	2838.266385
DS571294	7797	7844	91	132.2674419	85	149.7533474
DS571294	7998	8040	400	581.3953488	367	646.5821001
DS571294	12714	12765	24	34.88372093	37	65.18675123
DS571294	13533	13584	148	215.1162791	193	340.0281889
DS571294	13808	13859	134	194.7674419	111	195.5602537
DS571295	23462	23511	201	292.1511628	95	167.3713883
DS571295	23566	23608	261	379.3604651	134	236.0817477
DS571295	23979	24027	240	348.8372093	275	484.496124
DS571295	28579	28632	21	30.52325581	25	44.04510218
DS571295	36259	36308	91	132.2674419	31	54.61592671
DS571296	10177	10502	227	329.9418605	66	116.2790698
DS571296	15659	15846	166	241.2790698	40	70.4721635
DS571296	15927	15983	138	200.5813953	36	63.42494715
DS571296	16839	16921	198	287.7906977	251	442.2128259
DS571296	25257	25331	29	42.15116279	10	17.61804087
DS571296	27060	27105	52	75.58139535	69	121.564482
DS571297	14490	14539	34	49.41860465	48	84.56659619
DS571297	18051	18112	45	65.40697674	83	146.2297393
DS571297	22678	22761	57	82.84883721	40	70.4721635
DS571297	24782	24977	59	85.75581395	19	33.47427766
DS571297	35472	35530	81	117.7325581	74	130.3735025
DS571298	34905	34948	53	77.03488372	84	147.9915433
DS571299	14602	14669	224	325.5813953	235	414.0239605
DS571299	25390	25461	54	78.48837209	47	82.80479211
DS571299	26269	26330	38	55.23255814	12	21.14164905
DS571299	33822	33873	31	45.05813953	64	112.7554616
DS571299	36227	36301	110	159.8837209	96	169.1331924
DS571299	36254	36301	13	18.89534884	15	26.42706131
DS571299	36400	36457	120	174.4186047	120	211.4164905
DS571300	7503	7554	182	264.5348837	163	287.1740662
DS571301	3166	3224	14	20.34883721	9	15.85623679
DS571301	23162	23205	23	33.43023256	10	17.61804087
DS571301	24986	25037	72	104.6511628	58	102.1846371
DS571301	25114	25177	33	47.96511628	44	77.51937984
DS571302	424	475	9	13.08139535	15	26.42706131
DS571302	20993	21071	19	27.61627907	14	24.66525722
DS571302	22597	22655	12	17.44186047	7	12.33262861
DS571302	22918	22963	17	24.70930233	9	15.85623679
DS571302	33842	33892	63	91.56976744	28	49.33051445
DS571303	14262	14337	72	104.6511628	50	88.09020437
DS571303	17760	17828	28	40.69767442	28	49.33051445
DS571303	17882	17943	31	45.05813953	28	49.33051445
DS571303	19638	19692	75	109.0116279	83	146.2297393
DS571303	19856	19912	52	75.58139535	71	125.0880902
DS571303	20033	20092	11	15.98837209	21	36.99788584
DS571303	32338	32396	37	53.77906977	53	93.37561663
DS571304	21859	21918	546	793.6046512	247	435.1656096
DS571304	23601	23651	9	13.08139535	11	19.37984496
DS571304	31362	31413	81	117.7325581	70	123.3262861
DS571305	6681	6734	17	24.70930233	26	45.80690627
DS571305	7085	7134	19	27.61627907	19	33.47427766
DS571305	9101	9144	50	72.6744186	14	24.66525722
DS571305	9396	9480	32	46.51162791	6	10.57082452
DS571305	11243	11326	22	31.97674419	34	59.90133897
DS571306	27946	28006	29	42.15116279	31	54.61592671
DS571307	8368	8416	7	10.1744186	5	8.809020437
DS571307	9442	9488	63	91.56976744	47	82.80479211
DS571307	9605	9650	50	72.6744186	59	103.9464412
DS571307	11310	11366	231	335.755814	161	283.6504581
DS571307	28669	28722	64	93.02325581	65	114.5172657
DS571307	29004	29055	56	81.39534884	29	51.09231853
DS571307	35078	35121	108	156.9767442	17	29.95066949
DS571309	5703	5753	10	14.53488372	11	19.37984496
DS571309	11366	11468	136	197.6744186	92	162.085976
DS571309	11377	11468	8	11.62790698	4	7.04721635
DS571309	21153	21214	19	27.61627907	4	7.04721635
DS571310	1530	1582	108	156.9767442	172	303.030303
DS571310	8961	9020	126	183.1395349	136	239.6053559
DS571311	13810	13876	87	126.4534884	128	225.5109232
DS571311	14365	14426	76	110.4651163	39	68.71035941
DS571312	7669	7725	89	129.3604651	104	183.2276251
DS571312	14999	15032	11	15.98837209	6	10.57082452
DS571313	7623	7684	346	502.9069767	197	347.0754052
DS571313	8313	8369	221	321.2209302	71	125.0880902
DS571313	9128	9185	92	133.7209302	54	95.13742072
DS571313	13398	13548	13	18.89534884	9	15.85623679
DS571313	13398	13551	760	1104.651163	305	537.3502467
DS571313	26929	27156	12	17.44186047	5	8.809020437
DS571313	26983	27096	8	11.62790698	7	12.33262861
DS571313	27680	27725	12	17.44186047	4	7.04721635
DS571314	6965	7017	9	13.08139535	20	35.23608175
DS571314	7261	7325	10	14.53488372	10	17.61804087
DS571314	11344	11454	33	47.96511628	49	86.32840028
DS571314	11344	11565	8	11.62790698	8	14.0944327
DS571314	11439	11549	6	8.720930233	19	33.47427766
DS571314	30271	30335	90	130.8139535	64	112.7554616
DS571315	10350	10427	26	37.79069767	20	35.23608175
DS571315	12833	12916	13	18.89534884	4	7.04721635
DS571315	13111	13158	19	27.61627907	4	7.04721635
DS571315	21104	21164	7	10.1744186	5	8.809020437
DS571315	24657	24797	103	149.7093023	25	44.04510218
DS571315	28658	28707	180	261.627907	139	244.8907681
DS571316	4734	4781	14	20.34883721	13	22.90345314
DS571316	5289	5337	27	39.24418605	58	102.1846371
DS571316	5593	5639	50	72.6744186	64	112.7554616
DS571316	12022	12075	648	941.8604651	509	896.7582805
DS571316	26041	26111	20	29.06976744	8	14.0944327
DS571316	29610	29661	103	149.7093023	115	202.60747
DS571317	3965	4018	131	190.4069767	55	96.89922481
DS571317	4323	4382	212	308.1395349	54	95.13742072
DS571317	5633	5680	14	20.34883721	19	33.47427766
DS571317	5746	5793	19	27.61627907	23	40.52149401
DS571317	20853	20907	14	20.34883721	5	8.809020437
DS571317	23801	23866	17	24.70930233	14	24.66525722
DS571318	2016	2086	22	31.97674419	43	75.75757576
DS571319	14853	14931	88	127.9069767	97	170.8949965
DS571319	15854	15981	50	72.6744186	22	38.75968992
DS571319	16235	16302	68	98.8372093	27	47.56871036
DS571320	1988	2041	26	37.79069767	12	21.14164905
DS571320	26568	26611	16	23.25581395	9	15.85623679
DS571320	27955	28011	18	26.1627907	13	22.90345314
DS571321	6613	6690	9	13.08139535	4	7.04721635
DS571322	11444	11652	267	388.0813953	171	301.2684989
DS571322	16798	16853	29	42.15116279	7	12.33262861
DS571322	19258	19304	25	36.3372093	5	8.809020437
DS571323	8461	8512	6	8.720930233	7	12.33262861
DS571323	8583	8627	20	29.06976744	21	36.99788584
DS571323	14316	14451	22	31.97674419	23	40.52149401
DS571323	17264	17320	649	943.3139535	180	317.1247357
DS571323	27749	27851	1052	1529.069767	413	727.6250881
DS571324	15939	15987	26	37.79069767	17	29.95066949
DS571326	18249	18312	12	17.44186047	6	10.57082452
DS571326	18917	18966	11	15.98837209	5	8.809020437
DS571326	19975	20039	7	10.1744186	5	8.809020437
DS571326	24343	24415	66	95.93023256	117	206.1310782
DS571327	11102	11150	22	31.97674419	9	15.85623679
DS571327	12107	12155	26	37.79069767	26	45.80690627
DS571327	13057	13099	36	52.3255814	18	31.71247357
DS571327	13307	13383	64	93.02325581	25	44.04510218
DS571327	19547	19591	81	117.7325581	67	118.0408739
DS571327	25214	25276	6	8.720930233	4	7.04721635
DS571328	19037	19093	169	245.6395349	12	21.14164905
DS571329	8701	8756	25	36.3372093	16	28.1888654
DS571329	8918	8976	23	33.43023256	10	17.61804087
DS571329	13186	13242	26	37.79069767	23	40.52149401
DS571329	13288	13341	27	39.24418605	22	38.75968992
DS571330	10924	10976	15	21.80232558	36	63.42494715
DS571330	14209	14264	40	58.13953488	6	10.57082452
DS571330	29860	29913	65	94.47674419	81	142.7061311
DS571330	30003	30071	89	129.3604651	87	153.2769556
DS571330	30250	30307	66	95.93023256	35	61.66314306
DS571331	2358	2414	98	142.4418605	36	63.42494715
DS571331	2761	2804	73	106.1046512	11	19.37984496
DS571331	6943	7003	35	50.87209302	18	31.71247357
DS571331	7061	7180	50	72.6744186	32	56.3777308
DS571331	7405	7478	15	21.80232558	13	22.90345314
DS571331	7737	7781	13	18.89534884	6	10.57082452
DS571331	10903	10966	22	31.97674419	10	17.61804087
DS571331	14056	14115	9	13.08139535	5	8.809020437
DS571331	20042	20112	16	23.25581395	8	14.0944327
DS571331	21973	22036	200	290.6976744	85	149.7533474
DS571332	5927	5972	158	229.6511628	58	102.1846371
DS571332	8201	8256	227	329.9418605	99	174.4186047
DS571332	14696	14763	52	75.58139535	51	89.85200846
DS571332	15387	15439	9	13.08139535	11	19.37984496
DS571332	16062	16105	27	39.24418605	6	10.57082452
DS571332	28905	28961	219	318.3139535	307	540.8738548
DS571332	30856	30908	175	254.3604651	14	24.66525722
DS571335	18735	18781	5	7.26744186	7	12.33262861
DS571336	18351	18395	33	47.96511628	7	12.33262861
DS571337	15978	16025	28	40.69767442	22	38.75968992
DS571337	16564	16616	48	69.76744186	12	21.14164905
DS571337	16659	16714	34	49.41860465	7	12.33262861
DS571337	16988	17038	38	55.23255814	10	17.61804087
DS571337	17417	17475	31	45.05813953	24	42.2832981
DS571337	17886	17934	59	85.75581395	73	128.6116984
DS571337	19465	19517	21	30.52325581	28	49.33051445
DS571337	20364	20426	121	175.872093	49	86.32840028
DS571337	20736	20802	47	68.31395349	47	82.80479211
DS571337	20907	20997	34	49.41860465	44	77.51937984
DS571337	26576	26632	10	14.53488372	22	38.75968992
DS571337	26919	26995	7	10.1744186	4	7.04721635
DS571337	27100	27152	15	21.80232558	4	7.04721635
DS571337	27465	27512	9	13.08139535	8	14.0944327
DS571338	3512	3570	9	13.08139535	11	19.37984496
DS571338	11940	11992	64	93.02325581	68	119.8026779
DS571339	8841	8899	24	34.88372093	16	28.1888654
DS571339	26510	26568	47	68.31395349	39	68.71035941
DS571339	27315	27384	13	18.89534884	13	22.90345314
DS571339	29122	29191	16	23.25581395	13	22.90345314
DS571342	15014	15074	57	82.84883721	74	130.3735025
DS571344	12529	12582	40	58.13953488	35	61.66314306
DS571344	12714	12792	7	10.1744186	5	8.809020437
DS571344	24944	24999	8	11.62790698	7	12.33262861
DS571345	3617	3660	29	42.15116279	11	19.37984496
DS571345	7630	7683	158	229.6511628	29	51.09231853
DS571345	7878	7940	71	103.1976744	16	28.1888654
DS571345	10249	10313	12	17.44186047	14	24.66525722
DS571345	22698	22759	11	15.98837209	20	35.23608175
DS571346	1114	1273	2444	3552.325581	1590	2801.268499
DS571346	5992	6050	90	130.8139535	127	223.7491191
DS571346	13488	13547	117	170.0581395	16	28.1888654
DS571346	27507	27556	38	55.23255814	14	24.66525722
DS571347	5754	5809	37	53.77906977	28	49.33051445
DS571347	9573	9628	39	56.68604651	24	42.2832981
DS571347	9746	9789	30	43.60465116	15	26.42706131
DS571347	16368	16464	151	219.4767442	132	232.5581395
DS571347	16753	16809	6	8.720930233	6	10.57082452
DS571347	20084	20145	22	31.97674419	12	21.14164905
DS571349	3865	3910	26	37.79069767	31	54.61592671
DS571349	24351	24411	143	207.8488372	49	86.32840028
DS571349	26454	26527	26	37.79069767	11	19.37984496
DS571349	26652	26698	38	55.23255814	10	17.61804087
DS571351	987	1048	69	100.2906977	97	170.8949965
DS571351	15858	15928	53	77.03488372	13	22.90345314
DS571351	17072	17130	33	47.96511628	45	79.28118393
DS571351	18124	18182	99	143.8953488	32	56.3777308
DS571351	22027	22083	43	62.5	45	79.28118393
DS571352	13296	13346	8	11.62790698	11	19.37984496
DS571352	13624	13672	42	61.04651163	18	31.71247357
DS571352	17169	17221	43	62.5	81	142.7061311
DS571353	10460	10527	42	61.04651163	24	42.2832981
DS571353	11863	11994	76	110.4651163	149	262.508809
DS571353	14069	14148	27	39.24418605	16	28.1888654
DS571353	14195	14260	25	36.3372093	16	28.1888654
DS571353	23962	24009	238	345.9302326	34	59.90133897
DS571355	7033	7082	109	158.4302326	93	163.8477801
DS571356	9076	9164	87	126.4534884	17	29.95066949
DS571356	15879	15992	21	30.52325581	26	45.80690627
DS571356	16972	17018	23	33.43023256	6	10.57082452
DS571357	5684	5736	8	11.62790698	4	7.04721635
DS571357	13801	13862	15	21.80232558	27	47.56871036
DS571357	14034	14087	12	17.44186047	14	24.66525722
DS571358	13852	13900	7	10.1744186	7	12.33262861
DS571358	14238	14307	10	14.53488372	12	21.14164905
DS571359	21324	21451	10	14.53488372	10	17.61804087
DS571360	25198	25242	45	65.40697674	62	109.2318534
DS571361	10567	10612	224	325.5813953	179	315.3629316
DS571361	12176	12295	26	37.79069767	8	14.0944327
DS571361	12190	12303	13	18.89534884	6	10.57082452
DS571361	13856	13913	219	318.3139535	262	461.5926709
DS571362	2246	2298	11	15.98837209	6	10.57082452
DS571362	16769	16821	33	47.96511628	27	47.56871036
DS571365	6820	6870	79	114.8255814	29	51.09231853
DS571365	8665	8722	28	40.69767442	21	36.99788584
DS571365	10366	10431	25	36.3372093	35	61.66314306
DS571367	6048	6116	60	87.20930233	86	151.5151515
DS571368	8145	8192	90	130.8139535	60	105.7082452
DS571370	4275	4348	95	138.0813953	67	118.0408739
DS571370	5639	5707	252	366.2790698	264	465.1162791
DS571370	5649	5707	10	14.53488372	4	7.04721635
DS571370	6409	6462	41	59.59302326	53	93.37561663
DS571370	21532	21579	39	56.68604651	14	24.66525722
DS571371	4144	4192	20	29.06976744	5	8.809020437
DS571371	23779	23830	134	194.7674419	119	209.6546864
DS571372	4158	4215	267	388.0813953	257	452.7836505
DS571372	12003	12082	85	123.5465116	85	149.7533474
DS571373	6969	7013	255	370.6395349	262	461.5926709
DS571373	12865	12911	117	170.0581395	77	135.6589147
DS571373	13519	13576	8	11.62790698	10	17.61804087
DS571373	19332	19400	25	36.3372093	34	59.90133897
DS571373	20981	21036	20	29.06976744	46	81.04298802
DS571374	3300	3344	28	40.69767442	46	81.04298802
DS571374	18031	18092	58	84.30232558	52	91.61381254
DS571376	1955	2007	18	26.1627907	11	19.37984496
DS571377	6804	6850	117	170.0581395	58	102.1846371
DS571377	10891	10940	5	7.26744186	5	8.809020437
DS571377	13611	13661	26	37.79069767	16	28.1888654
DS571378	4046	4128	288	418.6046512	286	503.875969
DS571379	19532	19621	16	23.25581395	13	22.90345314
DS571380	847	1014	25	36.3372093	25	44.04510218
DS571380	871	990	9	13.08139535	11	19.37984496
DS571380	871	1014	32	46.51162791	33	58.13953488
DS571380	919	990	5	7.26744186	4	7.04721635
DS571380	919	1014	61	88.6627907	75	132.1353066
DS571380	21922	21983	34	49.41860465	26	45.80690627
DS571381	3568	3620	585	850.2906977	269	473.9252995
DS571381	13771	13824	27	39.24418605	25	44.04510218
DS571381	19678	19778	11	15.98837209	8	14.0944327
DS571382	9617	9707	202	293.6046512	164	288.9358703
DS571382	9865	9941	6	8.720930233	5	8.809020437
DS571383	6326	6552	368	534.8837209	408	718.8160677
DS571384	3368	3433	111	161.3372093	84	147.9915433
DS571384	9618	9796	175	254.3604651	95	167.3713883
DS571385	23219	23264	39	56.68604651	33	58.13953488
DS571386	8601	8650	26	37.79069767	22	38.75968992
DS571386	9236	9299	56	81.39534884	65	114.5172657
DS571386	11317	11367	13	18.89534884	9	15.85623679
DS571386	16680	16744	19	27.61627907	12	21.14164905
DS571387	5252	5342	71	103.1976744	91	160.324172
DS571388	16869	16939	14	20.34883721	22	38.75968992
DS571389	19668	19738	104	151.1627907	70	123.3262861
DS571390	5979	6030	57	82.84883721	19	33.47427766
DS571390	16247	16299	146	212.2093023	131	230.7963354
DS571390	16829	16877	29	42.15116279	46	81.04298802
DS571390	20577	20633	40	58.13953488	7	12.33262861
DS571390	20790	21014	46	66.86046512	5	8.809020437
DS571390	21991	22039	39	56.68604651	23	40.52149401
DS571390	22148	22192	45	65.40697674	32	56.3777308
DS571392	3121	3183	170	247.0930233	84	147.9915433
DS571393	5394	5439	79	114.8255814	80	140.944327
DS571393	10511	10583	11	15.98837209	5	8.809020437
DS571394	16567	16627	42	61.04651163	56	98.66102889
DS571394	16917	16990	55	79.94186047	44	77.51937984
DS571396	5210	5279	41	59.59302326	35	61.66314306
DS571396	11450	11583	79	114.8255814	38	66.94855532
DS571397	9766	9867	33	47.96511628	13	22.90345314
DS571397	9952	10059	50	72.6744186	15	26.42706131
DS571397	13647	13702	6	8.720930233	9	15.85623679
DS571397	17858	18059	2408	3500	1197	2108.879493
DS571398	13705	13859	78	113.372093	10	17.61804087
DS571398	16081	16139	49	71.22093023	44	77.51937984
DS571400	4217	4280	49	71.22093023	9	15.85623679
DS571400	5190	5239	14	20.34883721	12	21.14164905
DS571400	7275	7324	160	232.5581395	78	137.4207188
DS571400	7514	7566	99	143.8953488	69	121.564482
DS571400	16268	16315	20	29.06976744	38	66.94855532
DS571400	16445	16489	21	30.52325581	44	77.51937984
DS571400	18156	18205	36	52.3255814	41	72.23396758
DS571401	5965	6015	9	13.08139535	5	8.809020437
DS571401	6470	6536	73	106.1046512	17	29.95066949
DS571401	16365	16426	59	85.75581395	28	49.33051445
DS571402	7257	7305	29	42.15116279	28	49.33051445
DS571402	13090	13140	45	65.40697674	9	15.85623679
DS571403	17565	17615	145	210.755814	203	357.6462297
DS571403	18026	18127	18	26.1627907	43	75.75757576
DS571405	1643	1699	169	245.6395349	58	102.1846371
DS571405	2271	2334	10	14.53488372	8	14.0944327
DS571405	2496	2557	22	31.97674419	11	19.37984496
DS571405	5444	5509	6	8.720930233	9	15.85623679
DS571406	11330	11383	50	72.6744186	36	63.42494715
DS571406	11596	11688	32	46.51162791	17	29.95066949
DS571406	13700	13751	14	20.34883721	16	28.1888654
DS571408	3966	4035	61	88.6627907	53	93.37561663
DS571408	4361	4410	31	45.05813953	54	95.13742072
DS571408	4584	4643	9	13.08139535	8	14.0944327
DS571408	8394	8454	9	13.08139535	5	8.809020437
DS571408	10793	10836	162	235.4651163	108	190.2748414
DS571408	12551	12598	5	7.26744186	7	12.33262861
DS571411	5294	5351	234	340.1162791	169	297.7448908
DS571411	13416	13481	24	34.88372093	15	26.42706131
DS571413	12388	12443	23	33.43023256	14	24.66525722
DS571414	10814	10871	430	625	520	916.1381254
DS571414	15673	15721	123	178.7790698	27	47.56871036
DS571414	16438	16489	87	126.4534884	83	146.2297393
DS571416	5518	5572	13	18.89534884	7	12.33262861
DS571416	5960	6007	5	7.26744186	7	12.33262861
DS571416	8085	8133	11	15.98837209	14	24.66525722
DS571416	16650	16710	99	143.8953488	57	100.422833
DS571417	12672	12720	5	7.26744186	5	8.809020437
DS571418	4663	4708	14	20.34883721	10	17.61804087
DS571418	10953	11004	29	42.15116279	9	15.85623679
DS571422	5963	6007	69	100.2906977	60	105.7082452
DS571422	6808	6885	55	79.94186047	47	82.80479211
DS571422	7183	7250	296	430.2325581	295	519.7322058
DS571423	8171	8224	17	24.70930233	29	51.09231853
DS571424	12511	12568	80	116.2790698	75	132.1353066
DS571427	3975	4023	40	58.13953488	27	47.56871036
DS571427	4390	4444	73	106.1046512	73	128.6116984
DS571429	11590	11647	48	69.76744186	21	36.99788584
DS571430	11298	11357	153	222.3837209	131	230.7963354
DS571430	17332	17411	59	85.75581395	10	17.61804087
DS571430	17827	17885	8	11.62790698	11	19.37984496
DS571430	17827	18010	9	13.08139535	15	26.42706131
DS571430	18322	18381	368	534.8837209	389	685.34179
DS571431	497	549	301	437.5	230	405.2149401
DS571431	6190	6246	117	170.0581395	46	81.04298802
DS571431	10942	10994	20	29.06976744	13	22.90345314
DS571431	12413	12466	5	7.26744186	7	12.33262861
DS571431	12553	12632	11	15.98837209	5	8.809020437
DS571431	14718	14800	132	191.8604651	177	311.8393235
DS571431	15194	15248	505	734.0116279	525	924.9471459
DS571432	6568	6624	31	45.05813953	23	40.52149401
DS571432	6571	6624	7	10.1744186	8	14.0944327
DS571436	10725	10773	13	18.89534884	15	26.42706131
DS571436	10886	10945	18	26.1627907	23	40.52149401
DS571436	11055	11099	10	14.53488372	12	21.14164905
DS571437	15400	15451	39	56.68604651	4	7.04721635
DS571438	4638	4704	32	46.51162791	12	21.14164905
DS571438	4778	4907	279	405.5232558	105	184.9894292
DS571438	5004	5064	14	20.34883721	5	8.809020437
DS571438	5187	5240	295	428.7790698	170	299.5066949
DS571438	5751	5805	37	53.77906977	47	82.80479211
DS571438	10166	10220	115	167.1511628	99	174.4186047
DS571439	11487	11544	14	20.34883721	4	7.04721635
DS571439	13061	13124	8	11.62790698	6	10.57082452
DS571439	13491	13538	56	81.39534884	60	105.7082452
DS571439	13822	13872	125	181.6860465	144	253.6997886
DS571440	7314	7375	42	61.04651163	21	36.99788584
DS571441	12425	12481	48	69.76744186	38	66.94855532
DS571444	2809	2860	26	37.79069767	22	38.75968992
DS571446	9848	9902	29	42.15116279	25	44.04510218
DS571448	8432	8485	14	20.34883721	5	8.809020437
DS571452	11683	11745	98	142.4418605	106	186.7512333
DS571459	9895	9948	427	620.6395349	427	752.2903453
DS571463	14950	15036	276	401.1627907	169	297.7448908
DS571466	12526	12576	22	31.97674419	20	35.23608175
DS571471	1999	2056	210	305.2325581	73	128.6116984
DS571480	14459	14484	7	10.1744186	8	14.0944327
DS571480	14884	14989	30	43.60465116	32	56.3777308
DS571481	9668	9773	2502	3636.627907	1848	3255.813953
DS571481	11988	12034	21	30.52325581	11	19.37984496
DS571481	12233	12281	17	24.70930233	20	35.23608175
DS571482	1178	1231	25	36.3372093	21	36.99788584
DS571482	9065	9117	21	30.52325581	30	52.85412262
DS571486	11973	12056	43	62.5	19	33.47427766
DS571487	3639	3689	61	88.6627907	94	165.6095842
DS571487	5286	5353	32	46.51162791	34	59.90133897
DS571487	9717	9769	102	148.255814	64	112.7554616
DS571488	5963	6020	71	103.1976744	70	123.3262861
DS571488	9974	10024	39	56.68604651	38	66.94855532
DS571489	7657	7714	548	796.5116279	400	704.721635
DS571490	6799	7004	11	15.98837209	7	12.33262861
DS571493	3649	3697	87	126.4534884	74	130.3735025
DS571493	3649	3705	10	14.53488372	4	7.04721635
DS571494	10925	11066	9	13.08139535	7	12.33262861
DS571498	2541	2596	95	138.0813953	47	82.80479211
DS571500	9994	10038	26	37.79069767	8	14.0944327
DS571506	4835	4926	874	1270.348837	356	627.2022551
DS571507	1285	1346	11	15.98837209	4	7.04721635
DS571508	4927	5073	145	210.755814	113	199.0838619
DS571508	5218	5275	84	122.0930233	89	156.8005638
DS571508	10702	10787	5	7.26744186	6	10.57082452
DS571516	7342	7394	42	61.04651163	32	56.3777308
DS571522	3369	3419	11	15.98837209	6	10.57082452
DS571522	3507	3549	8	11.62790698	6	10.57082452
DS571522	4862	5011	18	26.1627907	24	42.2832981
DS571522	4865	5011	117	170.0581395	77	135.6589147
DS571525	4707	4762	59	85.75581395	83	146.2297393
DS571525	7777	7825	11	15.98837209	11	19.37984496
DS571528	7343	7403	119	172.9651163	124	218.4637068
DS571528	7955	8017	398	578.4883721	436	768.1465821
DS571534	6060	6119	18	26.1627907	15	26.42706131
DS571534	7492	7568	12	17.44186047	12	21.14164905
DS571534	7915	7969	41	59.59302326	19	33.47427766
DS571534	9201	9261	47	68.31395349	7	12.33262861
DS571539	738	788	7	10.1744186	11	19.37984496
DS571539	918	971	10	14.53488372	14	24.66525722
DS571539	7105	7156	27	39.24418605	43	75.75757576
DS571546	4647	4794	357	518.8953488	153	269.5560254
DS571546	6663	6719	88	127.9069767	38	66.94855532
DS571547	1534	1583	148	215.1162791	134	236.0817477
DS571547	4235	4289	14	20.34883721	18	31.71247357
DS571547	7115	7183	47	68.31395349	37	65.18675123
DS571561	1764	2048	15	21.80232558	18	31.71247357
DS571561	5212	5295	241	350.2906977	215	378.7878788
DS571562	3750	3786	116	168.6046512	154	271.3178295
DS571569	3168	3211	41	59.59302326	51	89.85200846
DS571578	2244	2349	282	409.8837209	318	560.2536998
DS571579	1794	1850	15	21.80232558	10	17.61804087
DS571588	305	352	8	11.62790698	13	22.90345314
DS571588	6591	6642	36	52.3255814	40	70.4721635
DS571588	8347	8406	15	21.80232558	16	28.1888654
DS571591	7583	7636	5	7.26744186	18	31.71247357
DS571594	4187	4241	83	120.6395349	67	118.0408739
DS571594	4948	4999	11	15.98837209	8	14.0944327
DS571600	8119	8182	598	869.1860465	537	946.0887949
DS571602	3175	3235	7	10.1744186	13	22.90345314
DS571605	5224	5294	79	114.8255814	41	72.23396758
DS571607	4487	4587	5	7.26744186	18	31.71247357
DS571607	5979	6033	95	138.0813953	144	253.6997886
DS571607	6258	6303	19	27.61627907	63	110.9936575
DS571609	5556	5644	44	63.95348837	32	56.3777308
DS571622	4234	4449	74	107.5581395	39	68.71035941
DS571623	7445	7497	41	59.59302326	52	91.61381254
DS571653	979	1032	76	110.4651163	35	61.66314306
DS571653	1129	1179	67	97.38372093	43	75.75757576
DS571661	1308	1331	42	61.04651163	58	102.1846371
DS571661	1319	1366	5	7.26744186	6	10.57082452
DS571675	963	1029	41	59.59302326	40	70.4721635
DS571675	1403	1454	72	104.6511628	39	68.71035941
DS571676	2446	2493	45	65.40697674	48	84.56659619
DS571676	2771	2825	73	106.1046512	51	89.85200846
DS571676	2966	3009	53	77.03488372	36	63.42494715
DS571676	4975	5054	11	15.98837209	14	24.66525722
DS571676	5525	5580	15	21.80232558	13	22.90345314
DS571676	5642	5694	11	15.98837209	16	28.1888654
DS571684	2890	2933	118	171.5116279	88	155.0387597
DS571685	1800	1889	361	524.7093023	295	519.7322058
DS571685	1846	1889	13	18.89534884	11	19.37984496
DS571685	2486	2539	7	10.1744186	8	14.0944327
DS571691	4420	4470	51	74.12790698	45	79.28118393
DS571702	3423	3502	7	10.1744186	15	26.42706131
DS571705	1710	1754	32	46.51162791	46	81.04298802
DS571711	2585	2654	15	21.80232558	5	8.809020437
DS571718	3892	3946	925	1344.476744	546	961.9450317
DS571731	2108	2152	130	188.9534884	121	213.1782946
DS571736	1537	1595	34	49.41860465	24	42.2832981
DS571748	2754	2798	79	114.8255814	29	51.09231853
DS571785	1455	1505	23	33.43023256	14	24.66525722
DS571790	1697	1748	119	172.9651163	70	123.3262861
DS571795	1975	2024	8	11.62790698	6	10.57082452
DS571795	1981	2024	11	15.98837209	11	19.37984496
DS571845	1887	1968	104	151.1627907	45	79.28118393
DS571855	2958	3011	16	23.25581395	9	15.85623679
DS571865	1739	1911	5	7.26744186	4	7.04721635
DS571976	1366	1413	816	1186.046512	709	1249.119098
DS571976	1366	1449	8	11.62790698	4	7.04721635
DS571976	1366	1521	8	11.62790698	17	29.95066949
DS571976	1366	1545	75	109.0116279	46	81.04298802
DS571976	1402	1449	10	14.53488372	6	10.57082452
DS571976	1402	1545	11	15.98837209	4	7.04721635
DS571976	1438	1485	12	17.44186047	7	12.33262861
DS571976	1438	1545	8	11.62790698	5	8.809020437
DS571976	1438	1605	82	119.1860465	17	29.95066949
DS571976	1474	1521	41	59.59302326	8	14.0944327
DS571976	1474	1605	14	20.34883721	5	8.809020437
DS571976	1510	1545	14	20.34883721	9	15.85623679
DS571976	1510	1605	40	58.13953488	16	28.1888654
DS571986	479	563	37	53.77906977	23	40.52149401
DS572098	507	644	19	27.61627907	16	28.1888654
DS572169	1506	1553	142	206.3953488	64	112.7554616
DS572199	1331	1360	22	31.97674419	17	29.95066949
DS572335	563	598	12	17.44186047	6	10.57082452
DS572461	706	794	105	152.6162791	23	40.52149401
DS572543	710	760	99	143.8953488	59	103.9464412
DS572543	928	971	50	72.6744186	25	44.04510218
DS572585	299	415	119	172.9651163	160	281.888654
DS572585	459	485	6	8.720930233	6	10.57082452
DS572620	148	432	34	49.41860465	34	59.90133897
DS572620	250	273	71	103.1976744	112	197.3220578
DS572620	274	306	7	10.1744186	11	19.37984496
EH4254	2179	2235	502	729.6511628	326	574.3481325
EH4259	89	151	18	26.1627907	44	77.51937984
EH4264	184	242	33	47.96511628	14	24.66525722
			195554	284235.4651	161320	284214.2354
